           1           2   1.61545134735643     
           2           3   1.13300673664360     
           2           4  0.146308857099873     
           3           4   1.11290953021530     
           1           5   1.28839927512159     
           4           5   1.58634527036411     
           4           6   1.00108353510415     
           6           7  0.994199860047843     
           1           8  0.974713582510002     
           2           9  0.966820990427900     
           5          10  0.974609001068365     
           6          11  0.970521828113425     
           6          12  0.959586519681906     
           7          13  0.898825776446970     
