           1           2   1.00851567483978     
           2           3  0.984147056322548     
           3           4   1.01267192581463     
           4           5  0.957128847580946     
           5           6   1.78037714565736     
           2           7  0.936908002712889     
           5           7   1.12956438781431     
           6           7  0.166200125094879     
           1           8  0.982730861774452     
           1           9  0.983804339145018     
           1          10  0.983187574455620     
           2          11  0.961519669595270     
           3          12  0.977239668714892     
           3          13  0.979521584997623     
           4          14  0.953788698534112     
           4          15  0.966563093365993     
