$hessian                                                                        
        0.4631574263   0.0003920948   0.0302330362  -0.0559961098  -0.0106544695
       -0.0118472001   0.0017140537  -0.0096231106  -0.0102396561   0.0011116259
       -0.0007133520  -0.0008275276  -0.0315732421   0.0111205003  -0.0057422209
       -0.1928137673   0.0279227707   0.0475633206  -0.0046075614   0.0017769804
       -0.0017581322   0.0004297038   0.0000892147   0.0018348854  -0.0036038824
        0.0009160149  -0.0041337067  -0.0093565790   0.0214814526   0.0272688075
       -0.0882324157   0.0389652927  -0.0902573820  -0.0778242835  -0.0739974234
        0.0238615872   0.0001667981  -0.0088187236  -0.0076569378   0.0002528627
       -0.0002144893   0.0006154846  -0.0005909661  -0.0002366234  -0.0000280539
        0.0028115248  -0.0007200519   0.0009765536  -0.0006998037   0.0007473229
       -0.0005216061  -0.0005004409  -0.0000367089  -0.0004398654   0.0002841763
       -0.0005779190  -0.0013957241  -0.0041291198   0.0021812276   0.0024943378
        0.0003920948   0.4709875282  -0.0521940289  -0.0094004688  -0.1187253037
       -0.0541162023  -0.0021468345   0.0051963538  -0.0003611175  -0.0005302857
        0.0016472138  -0.0002724535   0.0141649391  -0.0072768756  -0.0009711694
        0.0252321732  -0.0556945206  -0.0008408683   0.0037217767  -0.0011494119
        0.0011290212   0.0002571817  -0.0009247842   0.0000419864   0.0016157437
        0.0003843713   0.0029286212   0.0057957520  -0.0025644409  -0.0060101234
        0.0371643244  -0.0753348620   0.0734929656  -0.0760765201  -0.1944214283
        0.0563648956  -0.0029297720  -0.0234430150  -0.0204522324   0.0003963492
        0.0002902606   0.0012724151  -0.0002982165  -0.0003044652  -0.0000483509
        0.0019316456   0.0004782221   0.0000928008   0.0005608678   0.0002033453
       -0.0000137939   0.0000667131   0.0002653506   0.0001156780  -0.0000331812
        0.0004731062   0.0003546478   0.0001157174  -0.0000866445  -0.0005126912
        0.0302330362  -0.0521940289   0.5090411714  -0.0101265923  -0.0530050654
       -0.1244645969  -0.0059695085  -0.0147403199  -0.0248347309   0.0002111944
        0.0002634217   0.0014768502  -0.0187331311   0.0022193847   0.0121860286
        0.0693649116  -0.0051785481  -0.0988605029  -0.0077417347   0.0027493199
       -0.0019769731   0.0005134802  -0.0002878895  -0.0002097407  -0.0030722494
        0.0011241604  -0.0041745265   0.0073508509  -0.0084658048  -0.0094724927
       -0.0850950861   0.0725445155  -0.1972284983   0.0239263663   0.0550947554
       -0.0641813398  -0.0000350363   0.0030122709   0.0042588986   0.0002074927
       -0.0005479182   0.0003204960  -0.0001664362  -0.0002302013  -0.0000271681
       -0.0021055265   0.0000733561   0.0002181923   0.0001861539  -0.0001088607
       -0.0003060300   0.0000952306   0.0000549181   0.0002353707  -0.0002323222
       -0.0007590614  -0.0011692509   0.0011889066  -0.0016184045  -0.0008311571
       -0.0559961098  -0.0094004688  -0.0101265923   0.4724607294   0.0246417143
       -0.0155027567  -0.0818554345   0.0131753380  -0.0472501996  -0.0208902037
        0.0109096181  -0.0154037633   0.0019562220   0.0013221489   0.0023853482
       -0.0173735879   0.0244397711   0.0277233155   0.0004216812  -0.0006131853
       -0.0008481257  -0.0035909374   0.0009932945   0.0020638279  -0.0047431850
        0.0001911664  -0.0067012262  -0.2285646427   0.0160431956   0.0533371951
        0.0001235291  -0.0090089617  -0.0116161315  -0.0002138432  -0.0112230238
       -0.0088899179  -0.0620408030  -0.0625244401   0.0200014956   0.0055043687
       -0.0045284959   0.0076937795  -0.0002168391   0.0001397631  -0.0005438416
       -0.0002729312  -0.0000120593  -0.0003574708  -0.0000104215  -0.0000058662
        0.0000519233  -0.0009914732   0.0005522933  -0.0008880238   0.0000833142
        0.0002469974  -0.0018795197  -0.0037894324   0.0046612004   0.0067506840
       -0.0106544695  -0.1187253037  -0.0530050654   0.0246417143   0.5008210421
        0.0024058836   0.0193268188  -0.0798006717   0.0398422390   0.0058987824
       -0.0023683671   0.0033165793   0.0007185103   0.0006760378  -0.0007054190
        0.0086532332  -0.0039067103  -0.0080060774  -0.0012095290   0.0000971675
        0.0005696291   0.0005546336   0.0000991702  -0.0005499101  -0.0139236998
        0.0043994621  -0.0219305673   0.0032140925  -0.0603166177  -0.0145533630
       -0.0002438923   0.0058105134   0.0055514037  -0.0044399101  -0.0262940749
       -0.0197641654  -0.0648237005  -0.2017900533   0.0564564702   0.0123343175
       -0.0128594764   0.0206024740  -0.0013343209   0.0001803094  -0.0000073064
       -0.0002615160  -0.0005295264  -0.0000009221   0.0000532639   0.0001007116
       -0.0000842650   0.0004542162   0.0000855178   0.0001484425  -0.0000682282
       -0.0020265585  -0.0042461355   0.0211096836  -0.0036525718  -0.0060399250
       -0.0118472001  -0.0541162023  -0.1244645969  -0.0155027567   0.0024058836
        0.4654742616  -0.0381469626   0.0335879219  -0.1213033736  -0.0006001937
       -0.0009130236   0.0056061135   0.0012029142   0.0003470632   0.0033591983
        0.0107022999  -0.0096003604  -0.0111363135  -0.0003496630   0.0002033015
       -0.0006945894   0.0036322035  -0.0012969910   0.0004951744  -0.0176186993
       -0.0010708409  -0.0311278168   0.0260268525  -0.0144388931  -0.0772547212
       -0.0036272430  -0.0168628272  -0.0230942034  -0.0003674387   0.0026386921
        0.0044210685   0.0210241720   0.0560848073  -0.0630828746  -0.0079344624
        0.0098922166  -0.0126175762   0.0011478482  -0.0002559003   0.0001627638
        0.0001222698   0.0001010135  -0.0002621953   0.0000109114  -0.0001503524
        0.0001591997   0.0004248957  -0.0002183549   0.0005440943  -0.0006823669
       -0.0024977000  -0.0044538687   0.0323826193  -0.0038394535  -0.0107297444
        0.0017140537  -0.0021468345  -0.0059695085  -0.0818554345   0.0193268188
       -0.0381469626   0.4699309395   0.0127548746   0.0015472307  -0.1559667275
        0.0105530790   0.0325641113   0.0008167703   0.0039806738   0.0083085138
       -0.0030269098   0.0010289640  -0.0011654742   0.0013347355  -0.0007905235
       -0.0019031915  -0.0287434293   0.0119108892  -0.0012239034  -0.0619961233
        0.0163404673  -0.0012619145  -0.0463312860   0.0172407647  -0.0193297820
        0.0000359589   0.0003430336   0.0006045004  -0.0001746523  -0.0000721521
        0.0000188863   0.0046791400  -0.0027145600   0.0044244477  -0.0788317483
       -0.0678652803   0.0338136760  -0.0181543490   0.0002367520   0.0092389504
        0.0001723503  -0.0011384565  -0.0011724033   0.0002296666  -0.0001888214
       -0.0000601510  -0.0032329660   0.0015687606  -0.0023339064  -0.0007316473
       -0.0200353051  -0.0172379798   0.0001316584  -0.0003331442  -0.0007151395
       -0.0096231106   0.0051963538  -0.0147403199   0.0131753380  -0.0798006717
        0.0335879219   0.0127548746   0.4941965639  -0.0192334543   0.0135906998
       -0.0642550415   0.0029648506   0.0142968979  -0.0055143153  -0.0115090750
        0.0009239389   0.0000227120   0.0023389622   0.0000915021  -0.0017404935
       -0.0028772374   0.0186867175  -0.0064704695  -0.0032122243  -0.0013184254
       -0.1604120478  -0.0915107571   0.0119609360  -0.0013961092   0.0012308350
       -0.0000524278  -0.0020879164  -0.0035987563  -0.0005297069   0.0000988203
       -0.0016030752   0.0122823480  -0.0157662144   0.0252467689  -0.0667141109
       -0.1708717940   0.0706693150  -0.0227198757   0.0023059955   0.0096459377
        0.0006258776  -0.0007739370  -0.0005502970   0.0008338462  -0.0003002343
       -0.0005156895   0.0033357921  -0.0002346819   0.0018352439  -0.0039235943
        0.0067630585   0.0013424944   0.0023224829   0.0010404226   0.0004885564
       -0.0102396561  -0.0003611175  -0.0248347309  -0.0472501996   0.0398422390
       -0.1213033736   0.0015472307  -0.0192334543   0.4658653904   0.0439078217
       -0.0035580401  -0.0671667366   0.0157690711  -0.0079547562  -0.0118935891
       -0.0006377366   0.0016144678   0.0034460220  -0.0003090486  -0.0022196748
       -0.0031920556  -0.0256594533   0.0078136086   0.0031165948  -0.0169213667
       -0.0735734051  -0.1335067112   0.0049105991  -0.0022293720   0.0050266500
       -0.0001808666  -0.0024762395  -0.0024985984   0.0000209747   0.0012138697
        0.0008720397  -0.0061585310   0.0084367949  -0.0118388643   0.0345285129
        0.0722114568  -0.0746956089   0.0098466903  -0.0005842825  -0.0035700116
        0.0003169979   0.0007224671   0.0005467234   0.0009682512  -0.0006244815
       -0.0006838497  -0.0030186889   0.0016437597  -0.0028169557  -0.0032757120
       -0.0190954427  -0.0233958703   0.0018351096  -0.0015883972   0.0025235355
        0.0011116259  -0.0005302857   0.0002111944  -0.0208902037   0.0058987824
       -0.0006001937  -0.1559667275   0.0135906998   0.0439078217   0.4806794668
        0.0123921519  -0.0161591754  -0.0539054254  -0.0137472292  -0.0059904234
       -0.0063392969  -0.0057945159  -0.0211566084  -0.0099018286   0.0205333587
        0.0305650006  -0.1028829409   0.0364037345  -0.0444730214  -0.0021856196
        0.0054839007   0.0061193933  -0.0015239864   0.0011817830  -0.0025683711
        0.0000510518   0.0000833753   0.0002962565  -0.0002482902  -0.0000669117
       -0.0001416658   0.0007484380  -0.0005831237   0.0007766024  -0.0186411480
       -0.0009206225   0.0074066909  -0.0881965122  -0.0822342339   0.0333125702
       -0.0002996152  -0.0098310297  -0.0069652283  -0.0039388553   0.0035157382
        0.0024008178  -0.0203352023   0.0142322096  -0.0257786987   0.0027054231
        0.0001454051  -0.0013407682  -0.0000403533   0.0002468130   0.0001778066
       -0.0007133520   0.0016472138   0.0002634217   0.0109096181  -0.0023683671
       -0.0009130236   0.0105530790  -0.0642550415  -0.0035580401   0.0123921519
        0.4883462205  -0.0239500475  -0.0103358577  -0.1140197521  -0.0495054525
        0.0038319806   0.0081910375   0.0111027629   0.0078423386  -0.0035188586
       -0.0099553115   0.0390163469  -0.0808853061   0.0474513193   0.0247695129
       -0.0168880630  -0.0225625775   0.0019566694  -0.0004310434   0.0012929523
        0.0002367859  -0.0001723987  -0.0000762731   0.0001316996  -0.0005060241
       -0.0000244218   0.0008339893  -0.0004907868   0.0001775078  -0.0227568263
        0.0015412979   0.0090413604  -0.0811677340  -0.1822674959   0.0503926551
       -0.0073034144  -0.0266384504  -0.0196675905   0.0005399385  -0.0007797751
       -0.0003411198   0.0091358764  -0.0079099023   0.0103478592   0.0002006148
        0.0014103057   0.0006950781  -0.0000734174  -0.0000048102  -0.0002110591
       -0.0008275276  -0.0002724535   0.0014768502  -0.0154037633   0.0033165793
        0.0056061135   0.0325641113   0.0029648506  -0.0671667366  -0.0161591754
       -0.0239500475   0.4660830829   0.0037732488  -0.0500053033  -0.1015872762
       -0.0115329807  -0.0084780367  -0.0298634674   0.0076302375  -0.0134017748
       -0.0200290373  -0.0694494521   0.0645883607  -0.1759622607   0.0228698718
       -0.0221004295  -0.0241596797  -0.0060647484   0.0021589092  -0.0026480423
        0.0002808935  -0.0000862646   0.0001114722  -0.0002136070   0.0002007990
       -0.0002136652  -0.0008995239   0.0003082908  -0.0001365063   0.0163290936
        0.0011362624  -0.0050984091   0.0327527626   0.0482934776  -0.0592497844
        0.0003861347   0.0032768786   0.0038827921   0.0018920237  -0.0028966314
       -0.0019039624   0.0003551654  -0.0029680524   0.0110588044   0.0017595710
       -0.0019484644  -0.0001100500  -0.0000423353  -0.0001369500  -0.0000902376
       -0.0315732421   0.0141649391  -0.0187331311   0.0019562220   0.0007185103
        0.0012029142   0.0008167703   0.0142968979   0.0157690711  -0.0539054254
       -0.0103358577   0.0037732488   0.4618264366   0.0149706445  -0.0283727705
       -0.0864395925   0.0201810936  -0.0391968601  -0.2124903014   0.0132279615
        0.0694560915  -0.0082915826  -0.0039284330  -0.0219754603  -0.0061608889
        0.0041305550   0.0047757298   0.0000181314  -0.0007385715  -0.0008795972
       -0.0049250662   0.0016260118   0.0008969170  -0.0001217665   0.0010295923
       -0.0010173294  -0.0001782698  -0.0000511648  -0.0001977004  -0.0003723735
        0.0003198330   0.0009467727  -0.0015776363  -0.0133053179  -0.0095084726
       -0.0604466255  -0.0602794943   0.0200114162   0.0016906423   0.0045265383
        0.0068466787  -0.0002149528  -0.0005327424  -0.0035587516   0.0002774412
       -0.0000238313  -0.0003712456   0.0001120797   0.0000028356   0.0001324788
        0.0111205003  -0.0072768756   0.0022193847   0.0013221489   0.0006760378
        0.0003470632   0.0039806738  -0.0055143153  -0.0079547562  -0.0137472292
       -0.1140197521  -0.0500053033   0.0149706445   0.4521140667  -0.0081519113
        0.0235720002  -0.0756213725   0.0447782142   0.0137159199  -0.0575015950
       -0.0125472811   0.0038994820   0.0054664805   0.0131379812   0.0013177884
        0.0003784160   0.0007519760  -0.0017146445  -0.0000969435   0.0008276017
        0.0011238765   0.0004209053   0.0000141910  -0.0030923136   0.0021314065
       -0.0014361979   0.0000827509  -0.0010168494   0.0001106904  -0.0014536779
        0.0004043359   0.0012908710  -0.0052837543  -0.0251162005  -0.0195345139
       -0.0599020073  -0.1767283033   0.0408632247   0.0092053258  -0.0022475416
       -0.0046986357   0.0005921101   0.0033156558   0.0005544227   0.0000477868
        0.0002060723  -0.0002580895   0.0002426188   0.0000263720  -0.0003089318
       -0.0057422209  -0.0009711694   0.0121860286   0.0023853482  -0.0007054190
        0.0033591983   0.0083085138  -0.0115090750  -0.0118935891  -0.0059904234
       -0.0495054525  -0.1015872762  -0.0283727705  -0.0081519113   0.4760998759
       -0.0567013540   0.0540320499  -0.1796060636   0.0399745581  -0.0104517278
       -0.1000573578  -0.0119589833  -0.0088632795  -0.0320008570  -0.0001013205
        0.0015859606   0.0015742274  -0.0013693629   0.0003323415  -0.0015014694
        0.0014939750  -0.0005863627   0.0002808213   0.0027811222  -0.0010059671
        0.0011493867  -0.0002175101  -0.0000617646  -0.0002588017  -0.0002828291
        0.0000809333  -0.0002444930   0.0006220545   0.0029065993   0.0044524425
        0.0181101702   0.0391638224  -0.0567572112   0.0369669194  -0.0059395681
       -0.0155235142  -0.0005034569   0.0003957200   0.0009769820   0.0000054745
       -0.0002488150  -0.0009063834   0.0005920957  -0.0004969149   0.0002580536
       -0.1928137673   0.0252321732   0.0693649116  -0.0173735879   0.0086532332
        0.0107022999  -0.0030269098   0.0009239389  -0.0006377366  -0.0063392969
        0.0038319806  -0.0115329807  -0.0864395925   0.0235720002  -0.0567013540
        0.4110317221  -0.0947744820  -0.0045361555  -0.0509818197   0.0228254476
       -0.0221627788  -0.0008429695  -0.0013544880  -0.0058198867   0.0018133378
       -0.0005089754  -0.0002356895   0.0009568324   0.0035083694   0.0044552045
       -0.0247729135   0.0072694557   0.0014455555  -0.0358647891  -0.0038297143
        0.0156572271   0.0009880213   0.0005334439  -0.0002314138  -0.0001740232
        0.0001161553  -0.0002549897   0.0004089464   0.0002207873   0.0007493205
        0.0025334547   0.0055066969  -0.0026268233   0.0020590052  -0.0024106859
        0.0008832196   0.0006076568   0.0001250213   0.0009159695  -0.0005295270
        0.0001013397   0.0004978375  -0.0012397803   0.0004583025   0.0000682630
        0.0279227707  -0.0556945206  -0.0051785481   0.0244397711  -0.0039067103
       -0.0096003604   0.0010289640   0.0000227120   0.0016144678  -0.0057945159
        0.0081910375  -0.0084780367   0.0201810936  -0.0756213725   0.0540320499
       -0.0947744820   0.1411812722  -0.0638564519   0.0154097155   0.0004401692
        0.0029854374  -0.0012506775   0.0004676057  -0.0047342550  -0.0005126590
        0.0006494367   0.0003441744   0.0018299744  -0.0035982758  -0.0067753174
        0.0149950508  -0.0035066431  -0.0021636266  -0.0213572592   0.0079550648
        0.0076020409  -0.0000343393   0.0019876095   0.0010359654   0.0002428622
        0.0000275809  -0.0003441406   0.0006449151   0.0020641633   0.0007179194
        0.0175637392  -0.0189909327   0.0332921693  -0.0015702938  -0.0001668599
       -0.0001461744  -0.0003046019  -0.0008480481  -0.0001831431   0.0000233069
       -0.0001148746   0.0000145782   0.0013166650  -0.0005384141  -0.0001787485
        0.0475633206  -0.0008408683  -0.0988605029   0.0277233155  -0.0080060774
       -0.0111363135  -0.0011654742   0.0023389622   0.0034460220  -0.0211566084
        0.0111027629  -0.0298634674  -0.0391968601   0.0447782142  -0.1796060636
       -0.0045361555  -0.0638564519   0.3377879771   0.0080020069  -0.0039086508
        0.0128046311  -0.0050049235  -0.0046015700  -0.0134156424   0.0005016273
       -0.0004157245   0.0005574572   0.0020532572  -0.0056109243  -0.0058646063
       -0.0240061180   0.0053598896   0.0070993457   0.0171730163   0.0019030488
       -0.0051012805  -0.0002658748   0.0007968846   0.0008376462   0.0000130124
        0.0002830815   0.0000041725   0.0005281691   0.0003716991   0.0014918013
       -0.0101718133   0.0213644211  -0.0219171173  -0.0004480055  -0.0010919693
        0.0015897394   0.0010871612  -0.0000034384   0.0003049553  -0.0000866120
        0.0004324378   0.0005231632   0.0013935586  -0.0003957268  -0.0006819170
       -0.0046075614   0.0037217767  -0.0077417347   0.0004216812  -0.0012095290
       -0.0003496630   0.0013347355   0.0000915021  -0.0003090486  -0.0099018286
        0.0078423386   0.0076302375  -0.2124903014   0.0137159199   0.0399745581
       -0.0509818197   0.0154097155   0.0080020069   0.3581307278  -0.0269504184
       -0.0227495237   0.0028023643  -0.0010285796   0.0008253335  -0.0002245402
        0.0013312813   0.0012651531  -0.0001113218   0.0003473709   0.0000825074
       -0.0020082609   0.0007209906   0.0004630809   0.0011560742   0.0003659546
       -0.0002770744   0.0000044999   0.0000573251   0.0000195105   0.0005340940
        0.0000906003  -0.0006925670   0.0006820022   0.0001057210  -0.0006439255
       -0.0353190757  -0.0055481169   0.0166616945  -0.0488747541  -0.0084609979
       -0.0434162798  -0.0005425355  -0.0003218678   0.0013731863  -0.0002277853
       -0.0001650342  -0.0001546705   0.0002236054  -0.0001159527   0.0000372185
        0.0017769804  -0.0011494119   0.0027493199  -0.0006131853   0.0000971675
        0.0002033015  -0.0007905235  -0.0017404935  -0.0022196748   0.0205333587
       -0.0035188586  -0.0134017748   0.0132279615  -0.0575015950  -0.0104517278
        0.0228254476   0.0004401692  -0.0039086508  -0.0269504184   0.0687118483
        0.1016460140   0.0003428969   0.0021360005   0.0000927306   0.0011298849
       -0.0006812948  -0.0013679524   0.0004324339   0.0001150779  -0.0002480217
        0.0008254559  -0.0000454881  -0.0003343312   0.0002963671   0.0001618106
       -0.0000601956  -0.0000538989   0.0003781463  -0.0000297614   0.0003644326
        0.0000488295  -0.0002921999   0.0008365933   0.0028170215   0.0012819876
       -0.0200183264   0.0082333942   0.0109311183  -0.0134800770  -0.0163786724
       -0.0848454804  -0.0004600241  -0.0019476817  -0.0000775529  -0.0000629756
       -0.0001479017   0.0002628429  -0.0001623836  -0.0000280678   0.0000700090
       -0.0017581322   0.0011290212  -0.0019769731  -0.0008481257   0.0005696291
       -0.0006945894  -0.0019031915  -0.0028772374  -0.0031920556   0.0305650006
       -0.0099553115  -0.0200290373   0.0694560915  -0.0125472811  -0.1000573578
       -0.0221627788   0.0029854374   0.0128046311  -0.0227495237   0.1016460140
        0.5288760422   0.0018199542  -0.0016571996   0.0011514593   0.0019714420
       -0.0023307613  -0.0021338500   0.0002678022  -0.0001817982   0.0004164295
       -0.0006651622   0.0001667584   0.0002059988  -0.0005397611   0.0000301025
       -0.0001045177  -0.0000153679  -0.0001193605   0.0000379709  -0.0003672479
       -0.0001069403   0.0003881316  -0.0000961759   0.0011180170   0.0013205609
        0.0204449820   0.0016871206  -0.0043776250  -0.0724444674  -0.0810827842
       -0.4139137356  -0.0007105081   0.0010643372   0.0009719338   0.0000214177
        0.0002242681   0.0003716766  -0.0002862479   0.0002379685  -0.0000650932
        0.0004297038   0.0002571817   0.0005134802  -0.0035909374   0.0005546336
        0.0036322035  -0.0287434293   0.0186867175  -0.0256594533  -0.1028829409
        0.0390163469  -0.0694494521  -0.0082915826   0.0038994820  -0.0119589833
       -0.0008429695  -0.0012506775  -0.0050049235   0.0028023643   0.0003428969
        0.0018199542   0.4383605321  -0.1942146721  -0.0526940803   0.0012168023
       -0.0003018439  -0.0012093744  -0.0034844189   0.0011761269  -0.0010215190
        0.0001004132   0.0000623272   0.0001540258   0.0001355200   0.0000255772
        0.0000865069   0.0000614820  -0.0001453384   0.0000104788   0.0028211947
        0.0000165892  -0.0008746904   0.0067809876   0.0035209653  -0.0001459683
        0.0004356289   0.0004608559   0.0009655065  -0.0003581713   0.0001111162
        0.0003716609  -0.3051295002   0.1287098681   0.1598356705  -0.0000504196
       -0.0006363804   0.0007982298   0.0002297408  -0.0002917722  -0.0001692724
        0.0000892147  -0.0009247842  -0.0002878895   0.0009932945   0.0000991702
       -0.0012969910   0.0119108892  -0.0064704695   0.0078136086   0.0364037345
       -0.0808853061   0.0645883607  -0.0039284330   0.0054664805  -0.0088632795
       -0.0013544880   0.0004676057  -0.0046015700  -0.0010285796   0.0021360005
       -0.0016571996  -0.1942146721   0.1547754001  -0.0244070620   0.0016858728
        0.0019188589   0.0008696348   0.0018760216  -0.0000179376   0.0003191924
       -0.0000700121   0.0000652735  -0.0000600760   0.0001075143   0.0002595231
        0.0000560531  -0.0003202711   0.0006439063  -0.0003720491   0.0003637635
        0.0009214772  -0.0006131682   0.0162943876  -0.0166460070   0.0301119651
        0.0009319405   0.0030780679   0.0008008879  -0.0001761412  -0.0006791023
       -0.0000440717   0.1326735308  -0.0635769922  -0.0630783799  -0.0019131827
       -0.0005653516   0.0005885957  -0.0003243845  -0.0000658134   0.0001334384
        0.0018348854   0.0000419864  -0.0002097407   0.0020638279  -0.0005499101
        0.0004951744  -0.0012239034  -0.0032122243   0.0031165948  -0.0444730214
        0.0474513193  -0.1759622607  -0.0219754603   0.0131379812  -0.0320008570
       -0.0058198867  -0.0047342550  -0.0134156424   0.0008253335   0.0000927306
        0.0011514593  -0.0526940803  -0.0244070620   0.3465768347   0.0012717043
        0.0010781399   0.0037548518  -0.0003866417  -0.0001060852   0.0006899516
        0.0000913636   0.0000542821   0.0001703500  -0.0000061093  -0.0000976485
        0.0001134646   0.0003023062  -0.0005817894   0.0001920775  -0.0001443503
       -0.0005734098   0.0005221881  -0.0111385373   0.0196194346  -0.0221051254
        0.0008628023   0.0005581222   0.0018925889  -0.0008657041   0.0006209874
        0.0009510179   0.1327037175  -0.0499460113  -0.1155459178  -0.0012751621
        0.0014780481  -0.0001837605   0.0000469160   0.0000753638  -0.0002032490
       -0.0036038824   0.0016157437  -0.0030722494  -0.0047431850  -0.0139236998
       -0.0176186993  -0.0619961233  -0.0013184254  -0.0169213667  -0.0021856196
        0.0247695129   0.0228698718  -0.0061608889   0.0013177884  -0.0001013205
        0.0018133378  -0.0005126590   0.0005016273  -0.0002245402   0.0011298849
        0.0019714420   0.0012168023   0.0016858728   0.0012717043   0.2988242939
       -0.1106607318   0.2054755054   0.0028054796  -0.0006474867  -0.0028081242
        0.0000986301  -0.0006427062  -0.0009316485   0.0001179088   0.0005516610
        0.0000564559   0.0003477861   0.0001285477   0.0003233618   0.0024658031
       -0.0111853424  -0.0093225697   0.0027186434   0.0003318733  -0.0014140036
        0.0000248809   0.0003722926   0.0003695597  -0.0003206776   0.0002880524
        0.0002514516   0.0002389414  -0.0005698532   0.0002106557  -0.2323934625
        0.1076411695  -0.1831775190   0.0009558721  -0.0003714946   0.0020658653
        0.0009160149   0.0003843713   0.0011241604   0.0001911664   0.0043994621
       -0.0010708409   0.0163404673  -0.1604120478  -0.0735734051   0.0054839007
       -0.0168880630  -0.0221004295   0.0041305550   0.0003784160   0.0015859606
       -0.0005089754   0.0006494367  -0.0004157245   0.0013312813  -0.0006812948
       -0.0023307613  -0.0003018439   0.0019188589   0.0010781399  -0.1106607318
        0.2730889259   0.0676137758  -0.0012374906   0.0022237569   0.0005700884
        0.0000475583   0.0002458148  -0.0000042688   0.0003388570   0.0005093961
        0.0005521158   0.0000643000   0.0015941829  -0.0007112206  -0.0062159466
       -0.0386229498  -0.0282144024   0.0001249650   0.0011475250   0.0003198616
       -0.0000164539   0.0009603543   0.0002706739  -0.0000062175  -0.0003538250
       -0.0000233826  -0.0009580940  -0.0001228173  -0.0002825312   0.0919455409
       -0.0689344842   0.0555745796  -0.0010088530  -0.0014850193   0.0000376109
       -0.0041337067   0.0029286212  -0.0041745265  -0.0067012262  -0.0219305673
       -0.0311278168  -0.0012619145  -0.0915107571  -0.1335067112   0.0061193933
       -0.0225625775  -0.0241596797   0.0047757298   0.0007519760   0.0015742274
       -0.0002356895   0.0003441744   0.0005574572   0.0012651531  -0.0013679524
       -0.0021338500  -0.0012093744   0.0008696348   0.0037548518   0.2054755054
        0.0676137758   0.3660605424   0.0001628856  -0.0004668978   0.0014537894
        0.0000461935  -0.0010014106  -0.0012766079   0.0001814362   0.0002451270
        0.0001218137   0.0010010558  -0.0011147780   0.0022931379  -0.0032584676
       -0.0106422311   0.0025938594  -0.0017754331   0.0003332869   0.0010193105
       -0.0001891557   0.0001065352  -0.0000535684  -0.0000487900  -0.0001781443
       -0.0000692486  -0.0006543601   0.0004342925  -0.0002767167  -0.1992651758
        0.0763356964  -0.1822676365  -0.0002940593   0.0008121959  -0.0003826273
       -0.0093565790   0.0057957520   0.0073508509  -0.2285646427   0.0032140925
        0.0260268525  -0.0463312860   0.0119609360   0.0049105991  -0.0015239864
        0.0019566694  -0.0060647484   0.0000181314  -0.0017146445  -0.0013693629
        0.0009568324   0.0018299744   0.0020532572  -0.0001113218   0.0004324339
        0.0002678022  -0.0034844189   0.0018760216  -0.0003866417   0.0028054796
       -0.0012374906   0.0001628856   0.3611644831  -0.0085849942  -0.0371861691
        0.0000717314  -0.0003298483   0.0001783672   0.0006602176   0.0003616100
       -0.0008822841  -0.0363480686  -0.0061221877   0.0150339168   0.0017917294
       -0.0005830408   0.0011249808   0.0008649444   0.0002910587  -0.0000788717
        0.0000680811   0.0001404213   0.0000955577   0.0002423949  -0.0002084478
       -0.0001178561  -0.0003303326   0.0000048521  -0.0001886154   0.0003104000
        0.0002000068   0.0012453510  -0.0429037892  -0.0092831747  -0.0121758716
        0.0214814526  -0.0025644409  -0.0084658048   0.0160431956  -0.0603166177
       -0.0144388931   0.0172407647  -0.0013961092  -0.0022293720   0.0011817830
       -0.0004310434   0.0021589092  -0.0007385715  -0.0000969435   0.0003323415
        0.0035083694  -0.0035982758  -0.0056109243   0.0003473709   0.0001150779
       -0.0001817982   0.0011761269  -0.0000179376  -0.0001060852  -0.0006474867
        0.0022237569  -0.0004668978  -0.0085849942   0.1776833611   0.2119273757
       -0.0000397128   0.0000995085   0.0000809889   0.0001017611   0.0023437579
        0.0012762983  -0.0243156193   0.0066689751   0.0075931423  -0.0004798533
        0.0015421776  -0.0017632042   0.0004139465   0.0000594820  -0.0001020467
        0.0000172665   0.0003516128  -0.0000318236  -0.0001710429  -0.0000286077
        0.0000974810   0.0000652106  -0.0001727050   0.0000513514  -0.0003820536
       -0.0003835739   0.0000123262  -0.0262179134  -0.1220814551  -0.1901333646
        0.0272688075  -0.0060101234  -0.0094724927   0.0533371951  -0.0145533630
       -0.0772547212  -0.0193297820   0.0012308350   0.0050266500  -0.0025683711
        0.0012929523  -0.0026480423  -0.0008795972   0.0008276017  -0.0015014694
        0.0044552045  -0.0067753174  -0.0058646063   0.0000825074  -0.0002480217
        0.0004164295  -0.0010215190   0.0003191924   0.0006899516  -0.0028081242
        0.0005700884   0.0014537894  -0.0371861691   0.2119273757   0.4030785225
       -0.0002549483   0.0009249533   0.0013533244  -0.0002362351   0.0003810467
        0.0008179321   0.0182496831   0.0013869122  -0.0031180996   0.0005565340
       -0.0015458746   0.0016807803  -0.0005135587  -0.0000705312  -0.0000263121
       -0.0000048070  -0.0001505853   0.0001395442  -0.0002016772   0.0002422614
        0.0000263670  -0.0003519918   0.0001427635  -0.0002907688   0.0002408801
        0.0003166801  -0.0000272589  -0.0388340311  -0.1902088463  -0.3144795197
       -0.0882324157   0.0371643244  -0.0850950861   0.0001235291  -0.0002438923
       -0.0036272430   0.0000359589  -0.0000524278  -0.0001808666   0.0000510518
        0.0002367859   0.0002808935  -0.0049250662   0.0011238765   0.0014939750
       -0.0247729135   0.0149950508  -0.0240061180  -0.0020082609   0.0008254559
       -0.0006651622   0.0001004132  -0.0000700121   0.0000913636   0.0000986301
        0.0000475583   0.0000461935   0.0000717314  -0.0000397128  -0.0002549483
        0.1131163440  -0.0486969520   0.1030395027   0.0063350990  -0.0050190132
        0.0087970869  -0.0000338172  -0.0000686505  -0.0001742140  -0.0000479581
        0.0000162711  -0.0000025782   0.0000070166   0.0000662876   0.0000013606
       -0.0000367849  -0.0003036347   0.0002542301  -0.0000135300  -0.0000155265
       -0.0002255426   0.0000811066   0.0000004733   0.0000655818   0.0000013445
        0.0000187330   0.0000684284   0.0000485213   0.0000150050   0.0000931430
        0.0389652927  -0.0753348620   0.0725445155  -0.0090089617   0.0058105134
       -0.0168628272   0.0003430336  -0.0020879164  -0.0024762395   0.0000833753
       -0.0001723987  -0.0000862646   0.0016260118   0.0004209053  -0.0005863627
        0.0072694557  -0.0035066431   0.0053598896   0.0007209906  -0.0000454881
        0.0001667584   0.0000623272   0.0000652735   0.0000542821  -0.0006427062
        0.0002458148  -0.0010014106  -0.0003298483   0.0000995085   0.0009249533
       -0.0486969520   0.0863378927  -0.0804529781   0.0103022022  -0.0127547744
        0.0237762334  -0.0003872550   0.0007021816  -0.0005655975  -0.0000413809
        0.0000642103  -0.0002197047   0.0000085423  -0.0000255584  -0.0000199794
       -0.0001705000   0.0003670343  -0.0002964103   0.0000032797   0.0000138350
        0.0000915004  -0.0000477064  -0.0000303416  -0.0000220558  -0.0000480464
       -0.0001426492  -0.0003064408  -0.0000111542  -0.0000265375  -0.0000218615
       -0.0902573820   0.0734929656  -0.1972284983  -0.0116161315   0.0055514037
       -0.0230942034   0.0006045004  -0.0035987563  -0.0024985984   0.0002962565
       -0.0000762731   0.0001114722   0.0008969170   0.0000141910   0.0002808213
        0.0014455555  -0.0021636266   0.0070993457   0.0004630809  -0.0003343312
        0.0002059988   0.0001540258  -0.0000600760   0.0001703500  -0.0009316485
       -0.0000042688  -0.0012766079   0.0001783672   0.0000809889   0.0013533244
        0.1030395027  -0.0804529781   0.2230839197  -0.0044976865   0.0069536137
       -0.0098693465  -0.0000739779   0.0008130568   0.0009740506   0.0000578756
       -0.0002162474   0.0003929300   0.0000154729   0.0000155582  -0.0000526648
        0.0001394362  -0.0003328268   0.0001833609   0.0000334449   0.0000555353
       -0.0000134733   0.0000278766  -0.0000019415   0.0000508003  -0.0000023066
       -0.0001217518  -0.0002374887   0.0000268206   0.0003857643   0.0003645073
       -0.0778242835  -0.0760765201   0.0239263663  -0.0002138432  -0.0044399101
       -0.0003674387  -0.0001746523  -0.0005297069   0.0000209747  -0.0002482902
        0.0001316996  -0.0002136070  -0.0001217665  -0.0030923136   0.0027811222
       -0.0358647891  -0.0213572592   0.0171730163   0.0011560742   0.0002963671
       -0.0005397611   0.0001355200   0.0001075143  -0.0000061093   0.0001179088
        0.0003388570   0.0001814362   0.0006602176   0.0001017611  -0.0002362351
        0.0063350990   0.0103022022  -0.0044976865   0.1050857217   0.0931875014
       -0.0375300423   0.0000400317  -0.0002280826   0.0000473116   0.0001266681
        0.0000823280  -0.0003998436   0.0001564297   0.0002581815   0.0001535566
        0.0003998493   0.0010978574  -0.0005538672   0.0002081608  -0.0001925423
       -0.0001330333   0.0000134450  -0.0000568541   0.0000538798  -0.0000102670
       -0.0000262021   0.0000427310   0.0000227658   0.0000951215   0.0000972292
       -0.0739974234  -0.1944214283   0.0550947554  -0.0112230238  -0.0262940749
        0.0026386921  -0.0000721521   0.0000988203   0.0012138697  -0.0000669117
       -0.0005060241   0.0002007990   0.0010295923   0.0021314065  -0.0010059671
       -0.0038297143   0.0079550648   0.0019030488   0.0003659546   0.0001618106
        0.0000301025   0.0000255772   0.0002595231  -0.0000976485   0.0005516610
        0.0005093961   0.0002451270   0.0003616100   0.0023437579   0.0003810467
       -0.0050190132  -0.0127547744   0.0069536137   0.0931875014   0.2231936810
       -0.0632389323  -0.0002399920  -0.0029395711  -0.0041618036  -0.0000402632
        0.0004443317  -0.0005274004   0.0003259835  -0.0000108716  -0.0000166407
       -0.0012182931   0.0000349333  -0.0005117584   0.0000032976  -0.0001980014
       -0.0000215919   0.0000386440  -0.0000879814   0.0000367055  -0.0000738539
        0.0000060846   0.0001303123  -0.0001091806   0.0000739170   0.0007536700
        0.0238615872   0.0563648956  -0.0641813398  -0.0088899179  -0.0197641654
        0.0044210685   0.0000188863  -0.0016030752   0.0008720397  -0.0001416658
       -0.0000244218  -0.0002136652  -0.0010173294  -0.0014361979   0.0011493867
        0.0156572271   0.0076020409  -0.0051012805  -0.0002770744  -0.0000601956
       -0.0001045177   0.0000865069   0.0000560531   0.0001134646   0.0000564559
        0.0005521158   0.0001218137  -0.0008822841   0.0012762983   0.0008179321
        0.0087970869   0.0237762334  -0.0098693465  -0.0375300423  -0.0632389323
        0.0748723769  -0.0000324622  -0.0033820499  -0.0028325855  -0.0000335570
        0.0000093533  -0.0004325007   0.0000709589   0.0000206847  -0.0000897012
        0.0005257144  -0.0002526209   0.0004486720  -0.0000427625   0.0001907030
        0.0000347108  -0.0000605220  -0.0000261969  -0.0000501697  -0.0000300968
        0.0000037931  -0.0000528384  -0.0001367091  -0.0000643152   0.0000764800
        0.0001667981  -0.0029297720  -0.0000350363  -0.0620408030  -0.0648237005
        0.0210241720   0.0046791400   0.0122823480  -0.0061585310   0.0007484380
        0.0008339893  -0.0008995239  -0.0001782698   0.0000827509  -0.0002175101
        0.0009880213  -0.0000343393  -0.0002658748   0.0000044999  -0.0000538989
       -0.0000153679   0.0000614820  -0.0003202711   0.0003023062   0.0003477861
        0.0000643000   0.0010010558  -0.0363480686  -0.0243156193   0.0182496831
       -0.0000338172  -0.0003872550  -0.0000739779   0.0000400317  -0.0002399920
       -0.0000324622   0.0938818068   0.0787989771  -0.0305029217  -0.0015004066
        0.0013581293  -0.0025021679  -0.0005375428   0.0001690585  -0.0002002919
       -0.0000950248  -0.0001783849  -0.0000100593   0.0000204698   0.0000218375
        0.0000142683  -0.0000274823   0.0000159275   0.0000558407  -0.0000850588
        0.0001453719   0.0000351280  -0.0000919999  -0.0004894570   0.0002312709
       -0.0088187236  -0.0234430150   0.0030122709  -0.0625244401  -0.2017900533
        0.0560848073  -0.0027145600  -0.0157662144   0.0084367949  -0.0005831237
       -0.0004907868   0.0003082908  -0.0000511648  -0.0010168494  -0.0000617646
        0.0005334439   0.0019876095   0.0007968846   0.0000573251   0.0003781463
       -0.0001193605  -0.0001453384   0.0006439063  -0.0005817894   0.0001285477
        0.0015941829  -0.0011147780  -0.0061221877   0.0066689751   0.0013869122
       -0.0000686505   0.0007021816   0.0008130568  -0.0002280826  -0.0029395711
       -0.0033820499   0.0787989771   0.2330571023  -0.0670407757   0.0014854490
       -0.0009084235   0.0021062509   0.0007716527   0.0003275810   0.0000238531
       -0.0001069771   0.0004673428  -0.0000492575  -0.0000519996  -0.0001708005
        0.0000654049  -0.0000407195  -0.0001085691   0.0000002173  -0.0004713700
       -0.0000896868  -0.0001981817   0.0001519420   0.0008969419  -0.0004867863
       -0.0076569378  -0.0204522324   0.0042588986   0.0200014956   0.0564564702
       -0.0630828746   0.0044244477   0.0252467689  -0.0118388643   0.0007766024
        0.0001775078  -0.0001365063  -0.0001977004   0.0001106904  -0.0002588017
       -0.0002314138   0.0010359654   0.0008376462   0.0000195105  -0.0000297614
        0.0000379709   0.0000104788  -0.0003720491   0.0001920775   0.0003233618
       -0.0007112206   0.0022931379   0.0150339168   0.0075931423  -0.0031180996
       -0.0001742140  -0.0005655975   0.0009740506   0.0000473116  -0.0041618036
       -0.0028325855  -0.0305029217  -0.0670407757   0.0762451715  -0.0027186231
        0.0019073123  -0.0037010070  -0.0003443537  -0.0000521631   0.0002175848
       -0.0001125914  -0.0000720338  -0.0001478447  -0.0000145552   0.0000007912
       -0.0000179056  -0.0000203676   0.0000292461   0.0000350505   0.0004773659
        0.0001571227   0.0002268234   0.0008591878   0.0007426199  -0.0001839226
        0.0002528627   0.0003963492   0.0002074927   0.0055043687   0.0123343175
       -0.0079344624  -0.0788317483  -0.0667141109   0.0345285129  -0.0186411480
       -0.0227568263   0.0163290936  -0.0003723735  -0.0014536779  -0.0002828291
       -0.0001740232   0.0002428622   0.0000130124   0.0005340940   0.0003644326
       -0.0003672479   0.0028211947   0.0003637635  -0.0001443503   0.0024658031
       -0.0062159466  -0.0032584676   0.0017917294  -0.0004798533   0.0005565340
       -0.0000479581  -0.0000413809   0.0000578756   0.0001266681  -0.0000402632
       -0.0000335570  -0.0015004066   0.0014854490  -0.0027186231   0.0910827458
        0.0820714715  -0.0389659788  -0.0054130747   0.0010705835   0.0021536014
        0.0001042536   0.0006049022   0.0002194584   0.0000417381  -0.0000671583
       -0.0000128914   0.0003595774  -0.0005193438  -0.0000350297   0.0000855842
       -0.0008182555  -0.0001858237  -0.0001898875   0.0001726856  -0.0001263200
       -0.0002144893   0.0002902606  -0.0005479182  -0.0045284959  -0.0128594764
        0.0098922166  -0.0678652803  -0.1708717940   0.0722114568  -0.0009206225
        0.0015412979   0.0011362624   0.0003198330   0.0004043359   0.0000809333
        0.0001161553   0.0000275809   0.0002830815   0.0000906003   0.0000488295
       -0.0001069403   0.0000165892   0.0009214772  -0.0005734098  -0.0111853424
       -0.0386229498  -0.0106422311  -0.0005830408   0.0015421776  -0.0015458746
        0.0000162711   0.0000642103  -0.0002162474   0.0000823280   0.0004443317
        0.0000093533   0.0013581293  -0.0009084235   0.0019073123   0.0820714715
        0.2191018131  -0.0713293866   0.0007361566   0.0000727694  -0.0003524037
        0.0002365927   0.0002543690  -0.0001685306  -0.0000466569  -0.0000511481
       -0.0000147133   0.0001930001  -0.0002460877  -0.0002235774  -0.0000052185
       -0.0001970724   0.0000029084   0.0001120195  -0.0009565013   0.0001977086
        0.0006154846   0.0012724151   0.0003204960   0.0076937795   0.0206024740
       -0.0126175762   0.0338136760   0.0706693150  -0.0746956089   0.0074066909
        0.0090413604  -0.0050984091   0.0009467727   0.0012908710  -0.0002444930
       -0.0002549897  -0.0003441406   0.0000041725  -0.0006925670  -0.0002921999
        0.0003881316  -0.0008746904  -0.0006131682   0.0005221881  -0.0093225697
       -0.0282144024   0.0025938594   0.0011249808  -0.0017632042   0.0016807803
       -0.0000025782  -0.0002197047   0.0003929300  -0.0003998436  -0.0005274004
       -0.0004325007  -0.0025021679   0.0021062509  -0.0037010070  -0.0389659788
       -0.0713293866   0.0914466280   0.0021030961  -0.0003453321  -0.0006373868
        0.0001706299  -0.0007121246  -0.0001958619  -0.0000207560   0.0001005682
        0.0000027960  -0.0001287861   0.0001909227  -0.0000290438  -0.0006606610
       -0.0010525919   0.0005086225  -0.0000495218   0.0001394781  -0.0002087169
       -0.0005909661  -0.0002982165  -0.0001664362  -0.0002168391  -0.0013343209
        0.0011478482  -0.0181543490  -0.0227198757   0.0098466903  -0.0881965122
       -0.0811677340   0.0327527626  -0.0015776363  -0.0052837543   0.0006220545
        0.0004089464   0.0006449151   0.0005281691   0.0006820022   0.0008365933
       -0.0000961759   0.0067809876   0.0162943876  -0.0111385373   0.0027186434
        0.0001249650  -0.0017754331   0.0008649444   0.0004139465  -0.0005135587
        0.0000070166   0.0000085423   0.0000154729   0.0001564297   0.0003259835
        0.0000709589  -0.0005375428   0.0007716527  -0.0003443537  -0.0054130747
        0.0007361566   0.0021030961   0.1026921228   0.0901887788  -0.0326061144
        0.0001134985  -0.0004053015  -0.0005579313  -0.0000393097  -0.0000787688
        0.0001336983   0.0006095280   0.0012625283  -0.0004122607  -0.0003117656
       -0.0001225133   0.0003046602   0.0000038759  -0.0001979648   0.0000853901
       -0.0002366234  -0.0003044652  -0.0002302013   0.0001397631   0.0001803094
       -0.0002559003   0.0002367520   0.0023059955  -0.0005842825  -0.0822342339
       -0.1822674959   0.0482934776  -0.0133053179  -0.0251162005   0.0029065993
        0.0002207873   0.0020641633   0.0003716991   0.0001057210   0.0028170215
        0.0011180170   0.0035209653  -0.0166460070   0.0196194346   0.0003318733
        0.0011475250   0.0003332869   0.0002910587   0.0000594820  -0.0000705312
        0.0000662876  -0.0000255584   0.0000155582   0.0002581815  -0.0000108716
        0.0000206847   0.0001690585   0.0003275810  -0.0000521631   0.0010705835
        0.0000727694  -0.0003453321   0.0901887788   0.2196351651  -0.0692091669
       -0.0005143216  -0.0032966040  -0.0033826211  -0.0002154503  -0.0003619909
        0.0005008570   0.0000367630  -0.0002571962   0.0006536540  -0.0000918166
       -0.0002675793   0.0002732268  -0.0000388100  -0.0000560433   0.0000237033
       -0.0000280539  -0.0000483509  -0.0000271681  -0.0005438416  -0.0000073064
        0.0001627638   0.0092389504   0.0096459377  -0.0035700116   0.0333125702
        0.0503926551  -0.0592497844  -0.0095084726  -0.0195345139   0.0044524425
        0.0007493205   0.0007179194   0.0014918013  -0.0006439255   0.0012819876
        0.0013205609  -0.0001459683   0.0301119651  -0.0221051254  -0.0014140036
        0.0003198616   0.0010193105  -0.0000788717  -0.0001020467  -0.0000263121
        0.0000013606  -0.0000199794  -0.0000526648   0.0001535566  -0.0000166407
       -0.0000897012  -0.0002002919   0.0000238531   0.0002175848   0.0021536014
       -0.0003524037  -0.0006373868  -0.0326061144  -0.0692091669   0.0807569609
       -0.0006397323  -0.0035293471  -0.0032847501  -0.0002667014  -0.0001347626
        0.0000421135   0.0000937796   0.0000949015   0.0002698730   0.0003237166
        0.0002869279  -0.0006754560   0.0000491213   0.0000785094  -0.0000150505
        0.0028115248   0.0019316456  -0.0021055265  -0.0002729312  -0.0002615160
        0.0001222698   0.0001723503   0.0006258776   0.0003169979  -0.0002996152
       -0.0073034144   0.0003861347  -0.0604466255  -0.0599020073   0.0181101702
        0.0025334547   0.0175637392  -0.0101718133  -0.0353190757  -0.0200183264
        0.0204449820   0.0004356289   0.0009319405   0.0008628023   0.0000248809
       -0.0000164539  -0.0001891557   0.0000680811   0.0000172665  -0.0000048070
       -0.0000367849  -0.0001705000   0.0001394362   0.0003998493  -0.0012182931
        0.0005257144  -0.0000950248  -0.0001069771  -0.0001125914   0.0001042536
        0.0002365927   0.0001706299   0.0001134985  -0.0005143216  -0.0006397323
        0.0913632032   0.0707623825  -0.0281562832  -0.0008933716  -0.0020343686
        0.0002469025  -0.0006160196  -0.0004306735   0.0000051137  -0.0000375775
       -0.0000976581   0.0000297842  -0.0000096993   0.0000050653   0.0000189714
       -0.0007200519   0.0004782221   0.0000733561  -0.0000120593  -0.0005295264
        0.0001010135  -0.0011384565  -0.0007739370   0.0007224671  -0.0098310297
       -0.0266384504   0.0032768786  -0.0602794943  -0.1767283033   0.0391638224
        0.0055066969  -0.0189909327   0.0213644211  -0.0055481169   0.0082333942
        0.0016871206   0.0004608559   0.0030780679   0.0005581222   0.0003722926
        0.0009603543   0.0001065352   0.0001404213   0.0003516128  -0.0001505853
       -0.0003036347   0.0003670343  -0.0003328268   0.0010978574   0.0000349333
       -0.0002526209  -0.0001783849   0.0004673428  -0.0000720338   0.0006049022
        0.0002543690  -0.0007121246  -0.0004053015  -0.0032966040  -0.0035293471
        0.0707623825   0.2137435852  -0.0619861692   0.0001325365  -0.0001745630
       -0.0001985219  -0.0004308607  -0.0005780682  -0.0000702222  -0.0001361870
       -0.0001591859   0.0001694667  -0.0000943678  -0.0000993452   0.0000812482
        0.0009765536   0.0000928008   0.0002181923  -0.0003574708  -0.0000009221
       -0.0002621953  -0.0011724033  -0.0005502970   0.0005467234  -0.0069652283
       -0.0196675905   0.0038827921   0.0200114162   0.0408632247  -0.0567572112
       -0.0026268233   0.0332921693  -0.0219171173   0.0166616945   0.0109311183
       -0.0043776250   0.0009655065   0.0008008879   0.0018925889   0.0003695597
        0.0002706739  -0.0000535684   0.0000955577  -0.0000318236   0.0001395442
        0.0002542301  -0.0002964103   0.0001833609  -0.0005538672  -0.0005117584
        0.0004486720  -0.0000100593  -0.0000492575  -0.0001478447   0.0002194584
       -0.0001685306  -0.0001958619  -0.0005579313  -0.0033826211  -0.0032847501
       -0.0281562832  -0.0619861692   0.0801689366   0.0009159550   0.0004368419
       -0.0004548007   0.0000456421  -0.0000751502  -0.0001457923  -0.0000702910
       -0.0000043516   0.0001293425  -0.0000452160   0.0000371653  -0.0000133857
       -0.0006998037   0.0005608678   0.0001861539  -0.0000104215   0.0000532639
        0.0000109114   0.0002296666   0.0008338462   0.0009682512  -0.0039388553
        0.0005399385   0.0018920237   0.0016906423   0.0092053258   0.0369669194
        0.0020590052  -0.0015702938  -0.0004480055  -0.0488747541  -0.0134800770
       -0.0724444674  -0.0003581713  -0.0001761412  -0.0008657041  -0.0003206776
       -0.0000062175  -0.0000487900   0.0002423949  -0.0001710429  -0.0002016772
       -0.0000135300   0.0000032797   0.0000334449   0.0002081608   0.0000032976
       -0.0000427625   0.0000204698  -0.0000519996  -0.0000145552   0.0000417381
       -0.0000466569  -0.0000207560  -0.0000393097  -0.0002154503  -0.0002667014
       -0.0008933716   0.0001325365   0.0009159550   0.0500839644   0.0043575947
        0.0330629378   0.0005571508  -0.0000209655   0.0003029203  -0.0000055599
        0.0000490750   0.0000042226   0.0000212619  -0.0000001808   0.0000096790
        0.0007473229   0.0002033453  -0.0001088607  -0.0000058662   0.0001007116
       -0.0001503524  -0.0001888214  -0.0003002343  -0.0006244815   0.0035157382
       -0.0007797751  -0.0028966314   0.0045265383  -0.0022475416  -0.0059395681
       -0.0024106859  -0.0001668599  -0.0010919693  -0.0084609979  -0.0163786724
       -0.0810827842   0.0001111162  -0.0006791023   0.0006209874   0.0002880524
       -0.0003538250  -0.0001781443  -0.0002084478  -0.0000286077   0.0002422614
       -0.0000155265   0.0000138350   0.0000555353  -0.0001925423  -0.0001980014
        0.0001907030   0.0000218375  -0.0001708005   0.0000007912  -0.0000671583
       -0.0000511481   0.0001005682  -0.0000787688  -0.0003619909  -0.0001347626
       -0.0020343686  -0.0001745630   0.0004368419   0.0043575947   0.0208535584
        0.0903500932   0.0000636899   0.0005787371   0.0002344083   0.0000352679
        0.0000795103   0.0000039708  -0.0000039741   0.0000614244  -0.0000286063
       -0.0005216061  -0.0000137939  -0.0003060300   0.0000519233  -0.0000842650
        0.0001591997  -0.0000601510  -0.0005156895  -0.0006838497   0.0024008178
       -0.0003411198  -0.0019039624   0.0068466787  -0.0046986357  -0.0155235142
        0.0008832196  -0.0001461744   0.0015897394  -0.0434162798  -0.0848454804
       -0.4139137356   0.0003716609  -0.0000440717   0.0009510179   0.0002514516
       -0.0000233826  -0.0000692486  -0.0001178561   0.0000974810   0.0000263670
       -0.0002255426   0.0000915004  -0.0000134733  -0.0001330333  -0.0000215919
        0.0000347108   0.0000142683   0.0000654049  -0.0000179056  -0.0000128914
       -0.0000147133   0.0000027960   0.0001336983   0.0005008570   0.0000421135
        0.0002469025  -0.0001985219  -0.0004548007   0.0330629378   0.0903500932
        0.4297020966   0.0002004791  -0.0001447326   0.0003365945   0.0000175014
        0.0000056443   0.0000230922   0.0000058211  -0.0000188082   0.0000187925
       -0.0005004409   0.0000667131   0.0000952306  -0.0009914732   0.0004542162
        0.0004248957  -0.0032329660   0.0033357921  -0.0030186889  -0.0203352023
        0.0091358764   0.0003551654  -0.0002149528   0.0005921101  -0.0005034569
        0.0006076568  -0.0003046019   0.0010871612  -0.0005425355  -0.0004600241
       -0.0007105081  -0.3051295002   0.1326735308   0.1327037175   0.0002389414
       -0.0009580940  -0.0006543601  -0.0003303326   0.0000652106  -0.0003519918
        0.0000811066  -0.0000477064   0.0000278766   0.0000134450   0.0000386440
       -0.0000605220  -0.0000274823  -0.0000407195  -0.0000203676   0.0003595774
        0.0001930001  -0.0001287861   0.0006095280   0.0000367630   0.0000937796
       -0.0006160196  -0.0004308607   0.0000456421   0.0005571508   0.0000636899
        0.0002004791   0.3292707494  -0.1442155635  -0.1293231737   0.0001286120
       -0.0001860554  -0.0002286271   0.0000541378  -0.0000119211  -0.0000334655
       -0.0000367089   0.0002653506   0.0000549181   0.0005522933   0.0000855178
       -0.0002183549   0.0015687606  -0.0002346819   0.0016437597   0.0142322096
       -0.0079099023  -0.0029680524  -0.0005327424   0.0033156558   0.0003957200
        0.0001250213  -0.0008480481  -0.0000034384  -0.0003218678  -0.0019476817
        0.0010643372   0.1287098681  -0.0635769922  -0.0499460113  -0.0005698532
       -0.0001228173   0.0004342925   0.0000048521  -0.0001727050   0.0001427635
        0.0000004733  -0.0000303416  -0.0000019415  -0.0000568541  -0.0000879814
       -0.0000261969   0.0000159275  -0.0001085691   0.0000292461  -0.0005193438
       -0.0002460877   0.0001909227   0.0012625283  -0.0002571962   0.0000949015
       -0.0004306735  -0.0005780682  -0.0000751502  -0.0000209655   0.0005787371
       -0.0001447326  -0.1442155635   0.0713898882   0.0496421991   0.0001727878
        0.0004268533  -0.0003116479   0.0000598509   0.0000590699   0.0000024656
       -0.0004398654   0.0001156780   0.0002353707  -0.0008880238   0.0001484425
        0.0005440943  -0.0023339064   0.0018352439  -0.0028169557  -0.0257786987
        0.0103478592   0.0110588044  -0.0035587516   0.0005544227   0.0009769820
        0.0009159695  -0.0001831431   0.0003049553   0.0013731863  -0.0000775529
        0.0009719338   0.1598356705  -0.0630783799  -0.1155459178   0.0002106557
       -0.0002825312  -0.0002767167  -0.0001886154   0.0000513514  -0.0002907688
        0.0000655818  -0.0000220558   0.0000508003   0.0000538798   0.0000367055
       -0.0000501697   0.0000558407   0.0000002173   0.0000350505  -0.0000350297
       -0.0002235774  -0.0000290438  -0.0004122607   0.0006536540   0.0002698730
        0.0000051137  -0.0000702222  -0.0001457923   0.0003029203   0.0002344083
        0.0003365945  -0.1293231737   0.0496421991   0.1037823050   0.0001538252
        0.0003305344   0.0005766434  -0.0000143180  -0.0000132538   0.0000119577
        0.0002841763  -0.0000331812  -0.0002323222   0.0000833142  -0.0000682282
       -0.0006823669  -0.0007316473  -0.0039235943  -0.0032757120   0.0027054231
        0.0002006148   0.0017595710   0.0002774412   0.0000477868   0.0000054745
       -0.0005295270   0.0000233069  -0.0000866120  -0.0002277853  -0.0000629756
        0.0000214177  -0.0000504196  -0.0019131827  -0.0012751621  -0.2323934625
        0.0919455409  -0.1992651758   0.0003104000  -0.0003820536   0.0002408801
        0.0000013445  -0.0000480464  -0.0000023066  -0.0000102670  -0.0000738539
       -0.0000300968  -0.0000850588  -0.0004713700   0.0004773659   0.0000855842
       -0.0000052185  -0.0006606610  -0.0003117656  -0.0000918166   0.0003237166
       -0.0000375775  -0.0001361870  -0.0000702910  -0.0000055599   0.0000352679
        0.0000175014   0.0001286120   0.0001727878   0.0001538252   0.2300035062
       -0.0854632539   0.2028417778   0.0005032687   0.0002476569  -0.0002608237
       -0.0005779190   0.0004731062  -0.0007590614   0.0002469974  -0.0020265585
       -0.0024977000  -0.0200353051   0.0067630585  -0.0190954427   0.0001454051
        0.0014103057  -0.0019484644  -0.0000238313   0.0002060723  -0.0002488150
        0.0001013397  -0.0001148746   0.0004324378  -0.0001650342  -0.0001479017
        0.0002242681  -0.0006363804  -0.0005653516   0.0014780481   0.1076411695
       -0.0689344842   0.0763356964   0.0002000068  -0.0003835739   0.0003166801
        0.0000187330  -0.0001426492  -0.0001217518  -0.0000262021   0.0000060846
        0.0000037931   0.0001453719  -0.0000896868   0.0001571227  -0.0008182555
       -0.0001970724  -0.0010525919  -0.0001225133  -0.0002675793   0.0002869279
       -0.0000976581  -0.0001591859  -0.0000043516   0.0000490750   0.0000795103
        0.0000056443  -0.0001860554   0.0004268533   0.0003305344  -0.0854632539
        0.0631504002  -0.0540308153  -0.0003956902   0.0005135268   0.0001878412
       -0.0013957241   0.0003546478  -0.0011692509  -0.0018795197  -0.0042461355
       -0.0044538687  -0.0172379798   0.0013424944  -0.0233958703  -0.0013407682
        0.0006950781  -0.0001100500  -0.0003712456  -0.0002580895  -0.0009063834
        0.0004978375   0.0000145782   0.0005231632  -0.0001546705   0.0002628429
        0.0003716766   0.0007982298   0.0005885957  -0.0001837605  -0.1831775190
        0.0555745796  -0.1822676365   0.0012453510   0.0000123262  -0.0000272589
        0.0000684284  -0.0003064408  -0.0002374887   0.0000427310   0.0001303123
       -0.0000528384   0.0000351280  -0.0001981817   0.0002268234  -0.0001858237
        0.0000029084   0.0005086225   0.0003046602   0.0002732268  -0.0006754560
        0.0000297842   0.0001694667   0.0001293425   0.0000042226   0.0000039708
        0.0000230922  -0.0002286271  -0.0003116479   0.0005766434   0.2028417778
       -0.0540308153   0.2109581897   0.0001037269  -0.0000737172   0.0001623089
       -0.0041291198   0.0001157174   0.0011889066  -0.0037894324   0.0211096836
        0.0323826193   0.0001316584   0.0023224829   0.0018351096  -0.0000403533
       -0.0000734174  -0.0000423353   0.0001120797   0.0002426188   0.0005920957
       -0.0012397803   0.0013166650   0.0013935586   0.0002236054  -0.0001623836
       -0.0002862479   0.0002297408  -0.0003243845   0.0000469160   0.0009558721
       -0.0010088530  -0.0002940593  -0.0429037892  -0.0262179134  -0.0388340311
        0.0000485213  -0.0000111542   0.0000268206   0.0000227658  -0.0001091806
       -0.0001367091  -0.0000919999   0.0001519420   0.0008591878  -0.0001898875
        0.0001120195  -0.0000495218   0.0000038759  -0.0000388100   0.0000491213
       -0.0000096993  -0.0000943678  -0.0000452160   0.0000212619  -0.0000039741
        0.0000058211   0.0000541378   0.0000598509  -0.0000143180   0.0005032687
       -0.0003956902   0.0001037269   0.0500872738   0.0030091488   0.0012185549
        0.0021812276  -0.0000866445  -0.0016184045   0.0046612004  -0.0036525718
       -0.0038394535  -0.0003331442   0.0010404226  -0.0015883972   0.0002468130
       -0.0000048102  -0.0001369500   0.0000028356   0.0000263720  -0.0004969149
        0.0004583025  -0.0005384141  -0.0003957268  -0.0001159527  -0.0000280678
        0.0002379685  -0.0002917722  -0.0000658134   0.0000753638  -0.0003714946
       -0.0014850193   0.0008121959  -0.0092831747  -0.1220814551  -0.1902088463
        0.0000150050  -0.0000265375   0.0003857643   0.0000951215   0.0000739170
       -0.0000643152  -0.0004894570   0.0008969419   0.0007426199   0.0001726856
       -0.0009565013   0.0001394781  -0.0001979648  -0.0000560433   0.0000785094
        0.0000050653  -0.0000993452   0.0000371653  -0.0000001808   0.0000614244
       -0.0000188082  -0.0000119211   0.0000590699  -0.0000132538   0.0002476569
        0.0005135268  -0.0000737172   0.0030091488   0.1264095487   0.1959457225
        0.0024943378  -0.0005126912  -0.0008311571   0.0067506840  -0.0060399250
       -0.0107297444  -0.0007151395   0.0004885564   0.0025235355   0.0001778066
       -0.0002110591  -0.0000902376   0.0001324788  -0.0003089318   0.0002580536
        0.0000682630  -0.0001787485  -0.0006819170   0.0000372185   0.0000700090
       -0.0000650932  -0.0001692724   0.0001334384  -0.0002032490   0.0020658653
        0.0000376109  -0.0003826273  -0.0121758716  -0.1901333646  -0.3144795197
        0.0000931430  -0.0000218615   0.0003645073   0.0000972292   0.0007536700
        0.0000764800   0.0002312709  -0.0004867863  -0.0001839226  -0.0001263200
        0.0001977086  -0.0002087169   0.0000853901   0.0000237033  -0.0000150505
        0.0000189714   0.0000812482  -0.0000133857   0.0000096790  -0.0000286063
        0.0000187925  -0.0000334655   0.0000024656   0.0000119577  -0.0002608237
        0.0001878412   0.0001623089   0.0012185549   0.1959457225   0.3244689856
