           1           2  0.980127611661701     
           2           3  0.969423919822169     
           3           4  0.972262391271996     
           4           5  0.952967757612108     
           1           6  0.977078054680611     
           5           6  0.971559886645705     
           5           7   1.00774319020274     
           4           8  0.998995462864493     
           3           9  0.998040973199480     
           2          10   1.00580694383075     
           1          11  0.966846587399230     
           1          12  0.965201317958128     
           2          13  0.956586462377794     
           3          14  0.955508523647385     
           4          15  0.955844941207481     
           5          16  0.942417521643887     
           7          17  0.874194048321112     
           8          18  0.884104444311174     
           9          19  0.882777234161926     
          10          20  0.880928750916347     
