           1           2  0.978393022792205     
           2           3  0.973086261346454     
           3           4  0.961078625425304     
           4           5  0.962747519852227     
           5           6  0.986433865945033     
           6           7  0.991337431695138     
           5           8  0.990155424391836     
           4           9   1.01216651456017     
           3          10   1.00127032341252     
           2          11  0.997740098055234     
           1          12  0.998647620137593     
           1          13  0.969259053682079     
           1          14  0.970028334375651     
           2          15  0.954541819034732     
           3          16  0.958318645304467     
           4          17  0.958512972743897     
           5          18  0.959052686855724     
           6          19  0.967555569316020     
           6          20  0.971610015492423     
           7          21  0.898774443960278     
           8          22  0.871606348800372     
           9          23  0.870844703746749     
          10          24  0.854161604093250     
          11          25  0.875409521886379     
          12          26  0.900592422148498     
