           1           2  0.978393046493853     
           2           3  0.973086285792015     
           3           4  0.961078646178098     
           4           5  0.962747531201761     
           5           6  0.986433898897000     
           6           7  0.991337335269947     
           5           8  0.990155401329348     
           4           9   1.01216648464818     
           3          10   1.00127023750575     
           2          11  0.997739992399540     
           1          12  0.998647579426452     
           1          13  0.969259038349118     
           1          14  0.970028315593996     
           2          15  0.954541833463709     
           3          16  0.958318669680326     
           4          17  0.958512975183985     
           5          18  0.959052689920565     
           6          19  0.967555589268097     
           6          20  0.971610033820735     
           7          21  0.898774366981615     
           8          22  0.871606243200548     
           9          23  0.870844720292504     
          10          24  0.854161509379600     
          11          25  0.875409451898398     
          12          26  0.900592522676194     
