$hessian                                                                        
        0.4669302840  -0.0528730542   0.0052664598  -0.1391480268  -0.0665171731
        0.0102706491  -0.0399198118  -0.0164904168   0.0032648740   0.0011372218
        0.0006240166  -0.0001814923  -0.0000396139  -0.0002217105   0.0000594705
       -0.0000496709  -0.0005683588   0.0000580209  -0.0024682576  -0.0011768173
        0.0002762893  -0.0043005121   0.0012229922   0.0001965148   0.0006433086
        0.0025700245  -0.0002323372  -0.0431397320   0.0126448345  -0.0179494800
       -0.1959747554   0.1185257975  -0.0016580939  -0.0412005837   0.0036110412
        0.0004407803  -0.0016046680  -0.0000905204   0.0000820352   0.0000976244
       -0.0002071833   0.0000155076   0.0000572664  -0.0000941224  -0.0000106072
       -0.0005110187   0.0002202759  -0.0000104738  -0.0005090541  -0.0011796256
        0.0001118830
       -0.0528730542   0.4844520793   0.0028575667  -0.0845233913  -0.1580411523
        0.0134901481   0.0022966518   0.0155655059  -0.0016747600   0.0027251369
        0.0011656973  -0.0003485911  -0.0003215335   0.0007708249   0.0000171002
        0.0002411208   0.0003623921  -0.0000288903   0.0002235829  -0.0002467253
        0.0000849605   0.0017371261  -0.0029257965   0.0002488196  -0.0007865142
        0.0013458709  -0.0000480421   0.0132657087  -0.0926072784   0.0909923448
        0.1120789882  -0.1242753888   0.0005752602   0.0043648126  -0.1249081158
       -0.1060592550   0.0014505157  -0.0005707585  -0.0000463300  -0.0000346771
       -0.0001215340   0.0000143337   0.0001033119   0.0000027543  -0.0000270646
        0.0000666288   0.0000348266  -0.0000334205  -0.0000144141  -0.0000032019
       -0.0000141801
        0.0052664598   0.0028575667   0.4853022171   0.0116411040   0.0125775031
       -0.0489967512   0.0018216738  -0.0007175017  -0.0035750575  -0.0003268644
       -0.0002782454  -0.0013080477   0.0000580966   0.0000263539   0.0007968355
       -0.0000282768   0.0000390000   0.0001296757   0.0001836517   0.0001225714
        0.0009283640   0.0001612733   0.0002928471   0.0012431978   0.0000394932
       -0.0002253287   0.0002667259  -0.0188267472   0.0912695726  -0.2097886218
       -0.0011344994   0.0002263580  -0.0446391289   0.0012018335  -0.1062480735
       -0.1794004177  -0.0000491199   0.0000337893  -0.0002739973  -0.0000050991
        0.0000210660   0.0000052481  -0.0000224506  -0.0000162162  -0.0002623691
        0.0000017001  -0.0000340336  -0.0002797466   0.0000177714   0.0000527709
       -0.0001481265
       -0.1391480268  -0.0845233913   0.0116411040   0.4791546319   0.0370444339
       -0.0250776950  -0.2105807395   0.0847521622   0.0024915119  -0.0186812755
        0.0113463367   0.0002241411  -0.0050683576  -0.0002901436   0.0006531058
       -0.0000475108   0.0070557195  -0.0005792900   0.0053403864  -0.0079951013
        0.0006520555  -0.0612053054   0.0168717662   0.0020351030   0.0051169635
       -0.0124658676   0.0006789879  -0.0078276395  -0.0140018067   0.0105121814
       -0.0340329002  -0.0189402677   0.0034684683  -0.0110121049  -0.0172261360
       -0.0066656573   0.0000709615  -0.0007175542  -0.0000320914  -0.0009655793
        0.0004890179   0.0000253125   0.0002611150  -0.0000874822  -0.0000718171
       -0.0010803887   0.0004472196   0.0000044220  -0.0002942301  -0.0017589051
        0.0000401576
       -0.0665171731  -0.1580411523   0.0125775031   0.0370444339   0.3337399281
       -0.0240916689   0.0579651194  -0.1192079098   0.0039759313   0.0400127483
       -0.0171489404  -0.0004956470   0.0014138382  -0.0060727478   0.0009992556
        0.0005008095  -0.0029181269   0.0001934809  -0.0061932607  -0.0010713225
        0.0008291188  -0.0146000958  -0.0032964231   0.0012745696  -0.0086789201
        0.0113168714  -0.0005426878  -0.0232307927  -0.0233197605   0.0104874335
        0.0082338016   0.0109320906  -0.0012790845  -0.0274477922  -0.0274931262
       -0.0032304002  -0.0008728960   0.0022539608  -0.0002993261   0.0019524069
       -0.0007196682  -0.0000332915  -0.0002181814   0.0000986557  -0.0001128283
       -0.0012165130   0.0001991248   0.0000424736   0.0018524671   0.0007485465
       -0.0002948322
        0.0102706491   0.0134901481  -0.0489967512  -0.0250776950  -0.0240916689
        0.0650475659   0.0046845861   0.0025482800  -0.0332040641  -0.0021097134
        0.0010198558   0.0028042355   0.0005181124   0.0010896046   0.0069370457
       -0.0000533068  -0.0001420976  -0.0001563096   0.0004994375   0.0009192280
        0.0050480307   0.0045796584  -0.0003808448   0.0027674824   0.0003747882
       -0.0003466852  -0.0010391963   0.0240157232   0.0212739703  -0.0012357525
        0.0011791446   0.0001950827   0.0009697783  -0.0185994615  -0.0150420406
        0.0060544659  -0.0000336829  -0.0002982243  -0.0018729725  -0.0000989221
        0.0000483467   0.0001809370  -0.0000698349  -0.0001141567  -0.0013599778
        0.0001458830  -0.0000529904  -0.0001570738  -0.0002253660  -0.0001158077
       -0.0017874436
       -0.0399198118   0.0022966518   0.0018216738  -0.2105807395   0.0579651194
        0.0046845861   0.5887215219  -0.0138259910  -0.0237518072  -0.1058621820
        0.0869981769  -0.0038080214   0.0028522295   0.0351699418  -0.0031136612
       -0.0021272857  -0.0230267178   0.0017618485  -0.0577173271   0.0053236994
        0.0024602561  -0.1704849940  -0.1517615503   0.0185873806  -0.0028713323
        0.0178331540  -0.0010370261   0.0022685791   0.0008248724  -0.0016412388
       -0.0051177077  -0.0032886525   0.0005037195   0.0022945755   0.0010041250
        0.0012905637   0.0042268101  -0.0228903650   0.0016451722  -0.0047727601
        0.0017418737   0.0004798580   0.0006580529  -0.0002254181   0.0000144335
       -0.0043977637   0.0014654844   0.0005592575   0.0028301349   0.0043955960
       -0.0004569947
       -0.0164904168   0.0155655059  -0.0007175017   0.0847521622  -0.1192079098
        0.0025482800  -0.0138259910   0.6884534345  -0.0457517451   0.0071538727
       -0.3179381275   0.0219546765   0.0892349054  -0.0073471380  -0.0042793707
       -0.0203151417  -0.0547139198   0.0051920762  -0.0455227379   0.0463688909
       -0.0015933120  -0.0621515293  -0.1588204736   0.0119845999  -0.0189021727
       -0.0664963669   0.0068095047  -0.0007312485   0.0007038877   0.0003799629
       -0.0031096987  -0.0020389259   0.0004096261  -0.0009800992   0.0007276139
       -0.0003151418   0.0011753330  -0.0238355482   0.0019054820   0.0008987795
        0.0010387755   0.0004503502  -0.0005044230  -0.0006614394   0.0001377142
        0.0025737466  -0.0000160122   0.0005249659  -0.0032553404  -0.0017822471
        0.0003598327
        0.0032648740  -0.0016747600  -0.0035750575   0.0024915119   0.0039759313
       -0.0332040641  -0.0237518072  -0.0457517451   0.1223129651   0.0026993332
        0.0177390652  -0.0452079699  -0.0075186065  -0.0014230729  -0.0015652416
        0.0015416935   0.0053279849  -0.0047023146   0.0066095756  -0.0042819360
       -0.0027156926   0.0113134922   0.0166989663  -0.0538338952   0.0019437301
        0.0048792373   0.0043674241   0.0012798834  -0.0003234658   0.0005151968
        0.0005525963   0.0003861497   0.0005162249  -0.0013288582   0.0001934253
        0.0005121156  -0.0003003439   0.0031754175   0.0001068364   0.0005559829
        0.0004045639   0.0070912741   0.0000412097   0.0001159907   0.0006110286
        0.0004562330   0.0005945238   0.0081449585   0.0001495000  -0.0000362763
        0.0006262113
        0.0011372218   0.0027251369  -0.0003268644  -0.0186812755   0.0400127483
       -0.0021097134  -0.1058621820   0.0071538727   0.0026993332   0.6593943373
        0.0062281057  -0.0296436833  -0.3078563907   0.1005483183   0.0057630024
       -0.0614154848  -0.0575040716   0.0079939233  -0.0274790502   0.0343554118
       -0.0014990897   0.0471692868   0.0006543806  -0.0027258412  -0.0035043764
       -0.0075318104   0.0011773659   0.0003087729   0.0000035258   0.0001152550
        0.0002300565   0.0000411403  -0.0000346871   0.0003005754  -0.0000495438
       -0.0001370819  -0.1706271247  -0.1287904288   0.0178565922  -0.0094122677
        0.0046435831   0.0001079723  -0.0026244156  -0.0031913651   0.0007745155
        0.0000687466   0.0006777986  -0.0000624814  -0.0011464297   0.0000231978
        0.0000514828
        0.0006240166   0.0011656973  -0.0002782454   0.0113463367  -0.0171489404
        0.0010198558   0.0869981769  -0.3179381275   0.0177390652   0.0062281057
        0.6642403848  -0.0456704042   0.0241475947  -0.1091345229   0.0040578386
        0.0005979983   0.0475047454  -0.0037696316   0.0278119740  -0.0288843121
        0.0006589010  -0.0523524041  -0.0544728833   0.0069407293  -0.0029825399
        0.0012945353   0.0005951051   0.0000110831   0.0000538731   0.0006284676
       -0.0007774166  -0.0005943638   0.0001426932  -0.0000640001   0.0000941255
       -0.0006126970  -0.1288893901  -0.1735929699   0.0184340111   0.0284655444
       -0.0111920238  -0.0006086998  -0.0035379549  -0.0020300174   0.0009536363
        0.0008043953   0.0002544518  -0.0000747025   0.0015684801   0.0003803478
       -0.0001559228
       -0.0001814923  -0.0003485911  -0.0013080477   0.0002241411  -0.0004956470
        0.0028042355  -0.0038080214   0.0219546765  -0.0452079699  -0.0296436833
       -0.0456704042   0.1123574880   0.0119766315   0.0000324568  -0.0441691276
        0.0032786644  -0.0007160000   0.0014650813  -0.0009703822   0.0003222862
       -0.0028019334   0.0015970076   0.0041452426  -0.0036686426   0.0007927124
        0.0008377431   0.0067571408  -0.0000249758  -0.0004186484   0.0000982931
        0.0000661278   0.0000715405   0.0002903564   0.0000100322   0.0004269997
        0.0001419882   0.0178651547   0.0184126838  -0.0332701891  -0.0018320235
        0.0006481857  -0.0001873454   0.0008131038   0.0009319031   0.0072299281
       -0.0000771006  -0.0000716683  -0.0001628343  -0.0000858965  -0.0000627588
       -0.0003684213
       -0.0000396139  -0.0003215335   0.0000580966  -0.0050683576   0.0014138382
        0.0005181124   0.0028522295   0.0892349054  -0.0075186065  -0.3078563907
        0.0241475947   0.0119766315   0.6514971584   0.0020477836  -0.0286470093
       -0.2224537561  -0.0845071650   0.0162006299   0.0465049983  -0.0613454518
        0.0026369209  -0.0596711454  -0.0196621034   0.0045157349   0.0003236142
        0.0038523405  -0.0003361512  -0.0006024528  -0.0001032139   0.0000912243
        0.0001408154   0.0000012183   0.0000092804  -0.0005618834  -0.0001014797
       -0.0000264807  -0.0241248717   0.0035174597   0.0009893957  -0.0580832034
        0.0585472184  -0.0033997799  -0.0245324635  -0.0189746783   0.0028408350
        0.0008484221   0.0020332733   0.0001625241   0.0008269007   0.0002199935
       -0.0000713581
       -0.0002217105   0.0007708249   0.0000263539  -0.0002901436  -0.0060727478
        0.0010896046   0.0351699418  -0.0073471380  -0.0014230729   0.1005483183
       -0.1091345229   0.0000324568   0.0020477836   0.6746708982  -0.0459354436
       -0.1613778450  -0.2095724925   0.0218230027  -0.0037234344  -0.0594771918
        0.0051875808  -0.0176277950   0.0005727893   0.0005146874   0.0010308815
       -0.0015874169   0.0000831993  -0.0000746076  -0.0000673301  -0.0001568523
       -0.0000908298   0.0002031006  -0.0000292331   0.0000137784  -0.0001202068
        0.0001500063  -0.0201648772   0.0045396306   0.0006969303   0.0583366542
       -0.2872446512   0.0176918375   0.0050335020   0.0050542316  -0.0006908615
        0.0016131733  -0.0053273853   0.0009389294  -0.0002227898   0.0001396081
        0.0000008742
        0.0000594705   0.0000171002   0.0007968355   0.0006531058   0.0009992556
        0.0069370457  -0.0031136612  -0.0042793707  -0.0015652416   0.0057630024
        0.0040578386  -0.0441691276  -0.0286470093  -0.0459354436   0.1168653962
        0.0224398855   0.0177799097  -0.0486136163  -0.0020496970   0.0082223758
        0.0013112703   0.0043565687   0.0006169244  -0.0047061988  -0.0001074835
       -0.0000633181  -0.0000231833  -0.0003962789   0.0002104911  -0.0001235024
        0.0000015748  -0.0000144037   0.0000208250   0.0004492294  -0.0002059501
       -0.0001528749   0.0029167518  -0.0005496772  -0.0000601690  -0.0033805315
        0.0176758094  -0.0334056754   0.0008800185   0.0005832368  -0.0001684281
        0.0002067201   0.0009177729   0.0071734558  -0.0000316662  -0.0000325512
       -0.0001168112
       -0.0000496709   0.0002411208  -0.0000282768  -0.0000475108   0.0005008095
       -0.0000533068  -0.0021272857  -0.0203151417   0.0015416935  -0.0614154848
        0.0005979983   0.0032786644  -0.2224537561  -0.1613778450   0.0224398855
        0.6795705991  -0.0034973951  -0.0296064917  -0.1067811020   0.0933960957
       -0.0042318430  -0.0000634316   0.0356995625  -0.0030232092  -0.0059028734
       -0.0007908763   0.0006880800   0.0001575333  -0.0000585060  -0.0001876350
        0.0001225109   0.0001471373   0.0000007188   0.0001783186   0.0000067336
        0.0001762394  -0.0054230265   0.0016850292   0.0005304409   0.0043730796
        0.0036448021  -0.0005362913  -0.2833441325   0.0688958537   0.0076041561
        0.0042395715  -0.0202662241   0.0014211027  -0.0010333387   0.0014908454
       -0.0000139276
       -0.0005683588   0.0003623921   0.0000390000   0.0070557195  -0.0029181269
       -0.0001420976  -0.0230267178  -0.0547139198   0.0053279849  -0.0575040716
        0.0475047454  -0.0007160000  -0.0845071650  -0.2095724925   0.0177799097
       -0.0034973951   0.6521270504  -0.0437002820   0.0182029792  -0.3191406394
        0.0215164886   0.0904447006  -0.0039528565  -0.0046410065  -0.0008627039
       -0.0008477833   0.0005946784   0.0004411844   0.0001756586  -0.0003006286
       -0.0001520065   0.0000847787  -0.0000123822   0.0004801506   0.0002121339
        0.0002128459   0.0022534335   0.0007210514   0.0003909965  -0.0203884681
       -0.0238528565   0.0030060421   0.0688799206  -0.0637637605  -0.0011240279
        0.0026744149  -0.0220027301   0.0016368925   0.0000743835  -0.0004226452
        0.0001315863
        0.0000580209  -0.0000288903   0.0001296757  -0.0005792900   0.0001934809
       -0.0001563096   0.0017618485   0.0051920762  -0.0047023146   0.0079939233
       -0.0037696316   0.0014650813   0.0162006299   0.0218230027  -0.0486136163
       -0.0296064917  -0.0437002820   0.1180389133   0.0018783216   0.0175501024
       -0.0444937363  -0.0074896512  -0.0017433195  -0.0019361156   0.0007086452
        0.0005845142   0.0059975933  -0.0001032502   0.0000041580   0.0000237671
        0.0000047775  -0.0000166709  -0.0000195588   0.0000085513  -0.0000360312
       -0.0000410918   0.0004801888   0.0004353448   0.0070991470   0.0014203292
        0.0017382904  -0.0003532906   0.0076012312  -0.0011287380  -0.0332762727
       -0.0004473910   0.0028487266  -0.0003545368   0.0001096068   0.0000538672
        0.0011926654
       -0.0024682576   0.0002235829   0.0001836517   0.0053403864  -0.0061932607
        0.0004994375  -0.0577173271  -0.0455227379   0.0066095756  -0.0274790502
        0.0278119740  -0.0009703822   0.0465049983  -0.0037234344  -0.0020496970
       -0.1067811020   0.0182029792   0.0018783216   0.6600762407   0.0033421519
       -0.0293703675  -0.3157167258   0.0940274041   0.0065575889  -0.0148939628
        0.0155665589  -0.0003067217   0.0003564546   0.0002446198  -0.0003719568
       -0.0002712364  -0.0001100156   0.0000015532   0.0004119139   0.0002646418
        0.0002844620   0.0002176870   0.0006757768  -0.0000775436  -0.0024296631
       -0.0037479502   0.0008172229  -0.0095314484   0.0282355672  -0.0018074707
       -0.1755239582  -0.1310048524   0.0181984638  -0.0000949493   0.0017069946
       -0.0000761378
       -0.0011768173  -0.0002467253   0.0001225714  -0.0079951013  -0.0010713225
        0.0009192280   0.0053236994   0.0463688909  -0.0042819360   0.0343554118
       -0.0288843121   0.0003222862  -0.0613454518  -0.0594771918   0.0082223758
        0.0933960957  -0.3191406394   0.0175501024   0.0033421519   0.6818094530
       -0.0468449789   0.0164508071  -0.1073936872   0.0040979667   0.0436872263
       -0.0205231405  -0.0003578292  -0.0003065486  -0.0000666049   0.0001162687
       -0.0002060920  -0.0002552273   0.0000577527  -0.0002912950  -0.0000306996
       -0.0000703368   0.0007206736   0.0001392946  -0.0000517234  -0.0032518145
       -0.0024079694   0.0009562168   0.0046821257  -0.0102797859   0.0005853995
       -0.1297258807  -0.1728494238   0.0182490692   0.0023408097  -0.0056909088
        0.0004075669
        0.0002762893   0.0000849605   0.0009283640   0.0006520555   0.0008291188
        0.0050480307   0.0024602561  -0.0015933120  -0.0027156926  -0.0014990897
        0.0006589010  -0.0028019334   0.0026369209   0.0051875808   0.0013112703
       -0.0042318430   0.0215164886  -0.0444937363  -0.0293703675  -0.0468449789
        0.1137478832   0.0128654150  -0.0000008162  -0.0470369821  -0.0025954997
        0.0011298055   0.0033895891  -0.0001842124  -0.0000642172   0.0000156199
        0.0000294951   0.0000247499  -0.0000240163   0.0001908322   0.0000436208
       -0.0000323431  -0.0000793491  -0.0000628594  -0.0001824991   0.0007759685
        0.0009853132   0.0071376394   0.0001169094  -0.0006595224  -0.0000352554
        0.0180883900   0.0183109302  -0.0352150432  -0.0001321704   0.0004542367
        0.0009591049
       -0.0043005121   0.0017371261   0.0001612733  -0.0612053054  -0.0146000958
        0.0045796584  -0.1704849940  -0.0621515293   0.0113134922   0.0471692868
       -0.0523524041   0.0015970076  -0.0596711454  -0.0176277950   0.0043565687
       -0.0000634316   0.0904447006  -0.0074896512  -0.3157167258   0.0164508071
        0.0128654150   0.6889437388  -0.0281429106  -0.0275743979  -0.0855535858
        0.0219095708   0.0008381097  -0.0005523799  -0.0000512018   0.0003234072
       -0.0009550817  -0.0010622969   0.0001388619  -0.0005585298  -0.0001321037
       -0.0002607637   0.0003146476   0.0027355149   0.0001673213  -0.0006474674
       -0.0004586202   0.0001042614   0.0009345114   0.0009172016   0.0002781388
       -0.0254297302   0.0031613074   0.0011592656  -0.0122232956   0.0392227289
       -0.0025579684
        0.0012229922  -0.0029257965   0.0002928471   0.0168717662  -0.0032964231
       -0.0003808448  -0.1517615503  -0.1588204736   0.0166989663   0.0006543806
       -0.0544728833   0.0041452426  -0.0196621034   0.0005727893   0.0006169244
        0.0356995625  -0.0039528565  -0.0017433195   0.0940274041  -0.1073936872
       -0.0000008162  -0.0281429106   0.6311371648  -0.0399488557   0.0560686109
       -0.2886927924   0.0176569200  -0.0007771285  -0.0001089564   0.0002323562
        0.0011118016   0.0001717108  -0.0000685980  -0.0007708315  -0.0000815439
       -0.0001568955   0.0014219940  -0.0039057347   0.0009092530  -0.0002396636
        0.0006003799   0.0000136340   0.0015630941  -0.0051185872   0.0009643643
       -0.0225539208   0.0048346908   0.0009096140   0.0152665026  -0.0085470008
       -0.0001407922
        0.0001965148   0.0002488196   0.0012431978   0.0020351030   0.0012745696
        0.0027674824   0.0185873806   0.0119845999  -0.0538338952  -0.0027258412
        0.0069407293  -0.0036686426   0.0045157349   0.0005146874  -0.0047061988
       -0.0030232092  -0.0046410065  -0.0019361156   0.0065575889   0.0040979667
       -0.0470369821  -0.0275743979  -0.0399488557   0.1272938189  -0.0019497098
        0.0194658877  -0.0372416174  -0.0000965598   0.0000388050  -0.0001345233
       -0.0000327188   0.0000558481   0.0001627365   0.0002691683  -0.0000309410
       -0.0000856419   0.0002893325   0.0008211710   0.0078640462   0.0000865707
        0.0000308586   0.0006268298   0.0002232902   0.0009892236   0.0075377356
        0.0032533224  -0.0004428725   0.0013189625  -0.0006115696  -0.0013994906
       -0.0001711926
        0.0006433086  -0.0007865142   0.0000394932   0.0051169635  -0.0086789201
        0.0003747882  -0.0028713323  -0.0189021727   0.0019437301  -0.0035043764
       -0.0029825399   0.0007927124   0.0003236142   0.0010308815  -0.0001074835
       -0.0059028734  -0.0008627039   0.0007086452  -0.0148939628   0.0436872263
       -0.0025954997  -0.0855535858   0.0560686109  -0.0019497098   0.5274315319
       -0.0642838489  -0.0210809515  -0.0002079528  -0.0000921047  -0.0000165963
        0.0002230648   0.0000547737  -0.0000169117  -0.0002017580  -0.0000344901
        0.0000633411   0.0001135609  -0.0011063842   0.0000586175   0.0000722696
       -0.0001004525  -0.0000684372  -0.0005349149   0.0016003378  -0.0000936832
        0.0022943273  -0.0004535842  -0.0002625617  -0.4225478845  -0.0041581145
        0.0222105069
        0.0025700245   0.0013458709  -0.0002253287  -0.0124658676   0.0113168714
       -0.0003466852   0.0178331540  -0.0664963669   0.0048792373  -0.0075318104
        0.0012945353   0.0008377431   0.0038523405  -0.0015874169  -0.0000633181
       -0.0007908763  -0.0008477833   0.0005845142   0.0155665589  -0.0205231405
        0.0011298055   0.0219095708  -0.2886927924   0.0194658877  -0.0642838489
        0.4041383506  -0.0271960785   0.0003962991  -0.0001496436  -0.0001448725
       -0.0001816188   0.0003096402  -0.0000287104   0.0004246385  -0.0001846980
        0.0001562262   0.0003916681  -0.0022077215   0.0000864761  -0.0000355561
        0.0003824434  -0.0001426636   0.0001854541  -0.0004145503   0.0000187955
       -0.0002171341   0.0009823619  -0.0003349122   0.0223770039  -0.0386659603
        0.0013238835
       -0.0002323372  -0.0000480421   0.0002667259   0.0006789879  -0.0005426878
       -0.0010391963  -0.0010370261   0.0068095047   0.0043674241   0.0011773659
        0.0005951051   0.0067571408  -0.0003361512   0.0000831993  -0.0000231833
        0.0006880800   0.0005946784   0.0059975933  -0.0003067217  -0.0003578292
        0.0033895891   0.0008381097   0.0176569200  -0.0372416174  -0.0210809515
       -0.0271960785   0.0318848269  -0.0000642580  -0.0001743087   0.0001916348
        0.0000002741  -0.0000343624  -0.0000677814   0.0000364342   0.0002326588
        0.0001235454  -0.0000757331   0.0001841033  -0.0006709891  -0.0000761674
       -0.0001481238  -0.0014269952   0.0000214836  -0.0000417142   0.0001057803
       -0.0002784868  -0.0003244846  -0.0032763087   0.0200470975   0.0027114617
       -0.0093381892
       -0.0431397320   0.0132657087  -0.0188267472  -0.0078276395  -0.0232307927
        0.0240157232   0.0022685791  -0.0007312485   0.0012798834   0.0003087729
        0.0000110831  -0.0000249758  -0.0006024528  -0.0000746076  -0.0003962789
        0.0001575333   0.0004411844  -0.0001032502   0.0003564546  -0.0003065486
       -0.0001842124  -0.0005523799  -0.0007771285  -0.0000965598  -0.0002079528
        0.0003962991  -0.0000642580   0.0526760349  -0.0049433359   0.0145924482
       -0.0037400713   0.0138061698  -0.0225276594   0.0012552719   0.0007482834
        0.0011256092  -0.0011120044   0.0010956023   0.0010396686   0.0000477645
        0.0000057289   0.0000098624   0.0000383301   0.0000360332   0.0000980810
        0.0000283389   0.0000183956   0.0000454421   0.0000451525   0.0002391733
        0.0000172237
        0.0126448345  -0.0926072784   0.0912695726  -0.0140018067  -0.0233197605
        0.0212739703   0.0008248724   0.0007038877  -0.0003234658   0.0000035258
        0.0000538731  -0.0004186484  -0.0001032139  -0.0000673301   0.0002104911
       -0.0000585060   0.0001756586   0.0000041580   0.0002446198  -0.0000666049
       -0.0000642172  -0.0000512018  -0.0001089564   0.0000388050  -0.0000921047
       -0.0001496436  -0.0001743087  -0.0049433359   0.1172163133  -0.1132198404
        0.0056355337  -0.0106992788   0.0182293271  -0.0011086871   0.0085235976
       -0.0165257443   0.0009306977   0.0000125927  -0.0004729295   0.0000295265
        0.0000180322  -0.0000101328  -0.0000240841   0.0000114157  -0.0000340730
        0.0000044889  -0.0000032541   0.0000282489   0.0000648409   0.0003067360
        0.0001887872
       -0.0179494800   0.0909923448  -0.2097886218   0.0105121814   0.0104874335
       -0.0012357525  -0.0016412388   0.0003799629   0.0005151968   0.0001152550
        0.0006284676   0.0000982931   0.0000912243  -0.0001568523  -0.0001235024
       -0.0001876350  -0.0003006286   0.0000237671  -0.0003719568   0.0001162687
        0.0000156199   0.0003234072   0.0002323562  -0.0001345233  -0.0000165963
       -0.0001448725   0.0001916348   0.0145924482  -0.1132198404   0.2414442808
       -0.0017356832   0.0017730682  -0.0020288800  -0.0042899353   0.0104419644
       -0.0286685301   0.0007037289  -0.0010087641  -0.0001265891  -0.0000384315
       -0.0000317828   0.0000015134  -0.0000419814  -0.0000487056   0.0000278695
       -0.0000183881  -0.0000086437  -0.0000132086  -0.0000469188  -0.0001317762
       -0.0001985673
       -0.1959747554   0.1120789882  -0.0011344994  -0.0340329002   0.0082338016
        0.0011791446  -0.0051177077  -0.0031096987   0.0005525963   0.0002300565
       -0.0007774166   0.0000661278   0.0001408154  -0.0000908298   0.0000015748
        0.0001225109  -0.0001520065   0.0000047775  -0.0002712364  -0.0002060920
        0.0000294951  -0.0009550817   0.0011118016  -0.0000327188   0.0002230648
       -0.0001816188   0.0000002741  -0.0037400713   0.0056355337  -0.0017356832
        0.2411233948  -0.1265241995   0.0000080927  -0.0013461045   0.0039899231
        0.0010418881   0.0000408682  -0.0001229679  -0.0000029544   0.0000058785
        0.0000138361  -0.0000011891  -0.0000317339   0.0000057106   0.0000012048
       -0.0001181910   0.0000106837   0.0000051044  -0.0002988071   0.0000845512
        0.0000167646
        0.1185257975  -0.1242753888   0.0002263580  -0.0189402677   0.0109320906
        0.0001950827  -0.0032886525  -0.0020389259   0.0003861497   0.0000411403
       -0.0005943638   0.0000715405   0.0000012183   0.0002031006  -0.0000144037
        0.0001471373   0.0000847787  -0.0000166709  -0.0001100156  -0.0002552273
        0.0000247499  -0.0010622969   0.0001717108   0.0000558481   0.0000547737
        0.0003096402  -0.0000343624   0.0138061698  -0.0106992788   0.0017730682
       -0.1265241995   0.1394477373  -0.0009267256   0.0170897811  -0.0138470644
       -0.0016743732   0.0003767237   0.0003705158  -0.0000656137  -0.0000170623
        0.0000397404  -0.0000005436   0.0000409556   0.0000255630  -0.0000046823
       -0.0000622708   0.0000351716  -0.0000011015  -0.0000789321   0.0000902000
        0.0000056798
       -0.0016580939   0.0005752602  -0.0446391289   0.0034684683  -0.0012790845
        0.0009697783   0.0005037195   0.0004096261   0.0005162249  -0.0000346871
        0.0001426932   0.0002903564   0.0000092804  -0.0000292331   0.0000208250
        0.0000007188  -0.0000123822  -0.0000195588   0.0000015532   0.0000577527
       -0.0000240163   0.0001388619  -0.0000685980   0.0001627365  -0.0000169117
       -0.0000287104  -0.0000677814  -0.0225276594   0.0182293271  -0.0020288800
        0.0000080927  -0.0009267256   0.0461604171   0.0201026654  -0.0170121752
       -0.0012707965  -0.0000387689  -0.0000425131  -0.0001805148   0.0000039638
       -0.0000005733   0.0000155516  -0.0000047118  -0.0000038837  -0.0000013116
        0.0000138453  -0.0000077894  -0.0000154912   0.0000296634  -0.0000029909
        0.0001115896
       -0.0412005837   0.0043648126   0.0012018335  -0.0110121049  -0.0274477922
       -0.0185994615   0.0022945755  -0.0009800992  -0.0013288582   0.0003005754
       -0.0000640001   0.0000100322  -0.0005618834   0.0000137784   0.0004492294
        0.0001783186   0.0004801506   0.0000085513   0.0004119139  -0.0002912950
        0.0001908322  -0.0005585298  -0.0007708315   0.0002691683  -0.0002017580
        0.0004246385   0.0000364342   0.0012552719  -0.0011086871  -0.0042899353
       -0.0013461045   0.0170897811   0.0201026654   0.0515904656   0.0069840290
        0.0033038461  -0.0012999975   0.0010219512  -0.0011020047   0.0000494477
        0.0000065094  -0.0000168696   0.0000326770   0.0000250551  -0.0001039493
        0.0000241537   0.0000123054  -0.0000510539   0.0000435624   0.0002396937
       -0.0000804602
        0.0036110412  -0.1249081158  -0.1062480735  -0.0172261360  -0.0274931262
       -0.0150420406   0.0010041250   0.0007276139   0.0001934253  -0.0000495438
        0.0000941255   0.0004269997  -0.0001014797  -0.0001202068  -0.0002059501
        0.0000067336   0.0002121339  -0.0000360312   0.0002646418  -0.0000306996
        0.0000436208  -0.0001321037  -0.0000815439  -0.0000309410  -0.0000344901
       -0.0001846980   0.0002326588   0.0007482834   0.0085235976   0.0104419644
        0.0039899231  -0.0138470644  -0.0170121752   0.0069840290   0.1565739154
        0.1271618642   0.0008588691   0.0002153985   0.0003323261   0.0000373608
        0.0000282943   0.0000009188  -0.0000175472   0.0000190369   0.0000379233
        0.0000123308  -0.0000132199  -0.0000274175   0.0000439628   0.0002845585
       -0.0002690723
        0.0004407803  -0.1060592550  -0.1794004177  -0.0066656573  -0.0032304002
        0.0060544659   0.0012905637  -0.0003151418   0.0005121156  -0.0001370819
       -0.0006126970   0.0001419882  -0.0000264807   0.0001500063  -0.0001528749
        0.0001762394   0.0002128459  -0.0000410918   0.0002844620  -0.0000703368
       -0.0000323431  -0.0002607637  -0.0001568955  -0.0000856419   0.0000633411
        0.0001562262   0.0001235454   0.0011256092  -0.0165257443  -0.0286685301
        0.0010418881  -0.0016743732  -0.0012707965   0.0033038461   0.1271618642
        0.2031410562  -0.0007374659   0.0008547804  -0.0001604885   0.0000269288
        0.0000280052  -0.0000080769   0.0000425127   0.0000465433   0.0000205961
        0.0000143251   0.0000057017  -0.0000047793   0.0000169530   0.0000288706
       -0.0001687268
       -0.0016046680   0.0014505157  -0.0000491199   0.0000709615  -0.0008728960
       -0.0000336829   0.0042268101   0.0011753330  -0.0003003439  -0.1706271247
       -0.1288893901   0.0178651547  -0.0241248717  -0.0201648772   0.0029167518
       -0.0054230265   0.0022534335   0.0004801888   0.0002176870   0.0007206736
       -0.0000793491   0.0003146476   0.0014219940   0.0002893325   0.0001135609
        0.0003916681  -0.0000757331  -0.0011120044   0.0009306977   0.0007037289
        0.0000408682   0.0003767237  -0.0000387689  -0.0012999975   0.0008588691
       -0.0007374659   0.1996431348   0.1419588332  -0.0209019254   0.0007350019
       -0.0007128038  -0.0001151114  -0.0012141133  -0.0009946854   0.0001581942
        0.0000478331   0.0000689423  -0.0000884454  -0.0000046991   0.0000269688
        0.0000065950
       -0.0000905204  -0.0005707585   0.0000337893  -0.0007175542   0.0022539608
       -0.0002982243  -0.0228903650  -0.0238355482   0.0031754175  -0.1287904288
       -0.1735929699   0.0184126838   0.0035174597   0.0045396306  -0.0005496772
        0.0016850292   0.0007210514   0.0004353448   0.0006757768   0.0001392946
       -0.0000628594   0.0027355149  -0.0039057347   0.0008211710  -0.0011063842
       -0.0022077215   0.0001841033   0.0010956023   0.0000125927  -0.0010087641
       -0.0001229679   0.0003705158  -0.0000425131   0.0010219512   0.0002153985
        0.0008547804   0.1419588332   0.1944618441  -0.0214916077   0.0009355763
        0.0010218722  -0.0003391549   0.0002744395   0.0001768076  -0.0000110513
        0.0000465485   0.0000594107  -0.0001313322  -0.0002285110   0.0001403540
        0.0000178942
        0.0000820352  -0.0000463300  -0.0002739973  -0.0000320914  -0.0002993261
       -0.0018729725   0.0016451722   0.0019054820   0.0001068364   0.0178565922
        0.0184340111  -0.0332701891   0.0009893957   0.0006969303  -0.0000601690
        0.0005304409   0.0003909965   0.0070991470  -0.0000775436  -0.0000517234
       -0.0001824991   0.0001673213   0.0009092530   0.0078640462   0.0000586175
        0.0000864761  -0.0006709891   0.0010396686  -0.0004729295  -0.0001265891
       -0.0000029544  -0.0000656137  -0.0001805148  -0.0011020047   0.0003323261
       -0.0001604885  -0.0209019254  -0.0214916077   0.0253214156  -0.0002461158
       -0.0002530165  -0.0024948825   0.0000532411   0.0000567603   0.0002127381
       -0.0000864069  -0.0001337695  -0.0015020968   0.0000265575   0.0000020811
        0.0001912046
        0.0000976244  -0.0000346771  -0.0000050991  -0.0009655793   0.0019524069
       -0.0000989221  -0.0047727601   0.0008987795   0.0005559829  -0.0094122677
        0.0284655444  -0.0018320235  -0.0580832034   0.0583366542  -0.0033805315
        0.0043730796  -0.0203884681   0.0014203292  -0.0024296631  -0.0032518145
        0.0007759685  -0.0006474674  -0.0002396636   0.0000865707   0.0000722696
       -0.0000355561  -0.0000761674   0.0000477645   0.0000295265  -0.0000384315
        0.0000058785  -0.0000170623   0.0000039638   0.0000494477   0.0000373608
        0.0000269288   0.0007350019   0.0009355763  -0.0002461158   0.0698852462
       -0.0646982540   0.0028263613   0.0008118476  -0.0008515657  -0.0001066647
        0.0001797114  -0.0010431758   0.0000876503   0.0000530696  -0.0000956116
        0.0000002001
       -0.0002071833  -0.0001215340   0.0000210660   0.0004890179  -0.0007196682
        0.0000483467   0.0017418737   0.0010387755   0.0004045639   0.0046435831
       -0.0111920238   0.0006481857   0.0585472184  -0.2872446512   0.0176758094
        0.0036448021  -0.0238528565   0.0017382904  -0.0037479502  -0.0024079694
        0.0009853132  -0.0004586202   0.0006003799   0.0000308586  -0.0001004525
        0.0003824434  -0.0001481238   0.0000057289   0.0000180322  -0.0000317828
        0.0000138361   0.0000397404  -0.0000005733   0.0000065094   0.0000282943
        0.0000280052  -0.0007128038   0.0010218722  -0.0002530165  -0.0646982540
        0.3225829424  -0.0209240559   0.0005775758   0.0008158636  -0.0002990429
        0.0002743462  -0.0011132615   0.0000944511  -0.0000192276   0.0001236206
       -0.0000182950
        0.0000155076   0.0000143337   0.0000052481   0.0000253125  -0.0000332915
        0.0001809370   0.0004798580   0.0004503502   0.0070912741   0.0001079723
       -0.0006086998  -0.0001873454  -0.0033997799   0.0176918375  -0.0334056754
       -0.0005362913   0.0030060421  -0.0003532906   0.0008172229   0.0009562168
        0.0071376394   0.0001042614   0.0000136340   0.0006268298  -0.0000684372
       -0.0001426636  -0.0014269952   0.0000098624  -0.0000101328   0.0000015134
       -0.0000011891  -0.0000005436   0.0000155516  -0.0000168696   0.0000009188
       -0.0000080769  -0.0001151114  -0.0003391549  -0.0024948825   0.0028263613
       -0.0209240559   0.0251725399  -0.0002200833  -0.0002262467  -0.0024809367
       -0.0000199890   0.0001638946   0.0002027816  -0.0000086075  -0.0000124390
       -0.0000771123
        0.0000572664   0.0001033119  -0.0000224506   0.0002611150  -0.0002181814
       -0.0000698349   0.0006580529  -0.0005044230   0.0000412097  -0.0026244156
       -0.0035379549   0.0008131038  -0.0245324635   0.0050335020   0.0008800185
       -0.2833441325   0.0688799206   0.0076012312  -0.0095314484   0.0046821257
        0.0001169094   0.0009345114   0.0015630941   0.0002232902  -0.0005349149
        0.0001854541   0.0000214836   0.0000383301  -0.0000240841  -0.0000419814
       -0.0000317339   0.0000409556  -0.0000047118   0.0000326770  -0.0000175472
        0.0000425127  -0.0012141133   0.0002744395   0.0000532411   0.0008118476
        0.0005775758  -0.0002200833   0.3180349910  -0.0763025123  -0.0093046918
        0.0009335990  -0.0007284542  -0.0001249283   0.0000508318  -0.0000072222
       -0.0000043182
       -0.0000941224   0.0000027543  -0.0000162162  -0.0000874822   0.0000986557
       -0.0001141567  -0.0002254181  -0.0006614394   0.0001159907  -0.0031913651
       -0.0020300174   0.0009319031  -0.0189746783   0.0050542316   0.0005832368
        0.0688958537  -0.0637637605  -0.0011287380   0.0282355672  -0.0102797859
       -0.0006595224   0.0009172016  -0.0051185872   0.0009892236   0.0016003378
       -0.0004145503  -0.0000417142   0.0000360332   0.0000114157  -0.0000487056
        0.0000057106   0.0000255630  -0.0000038837   0.0000250551   0.0000190369
        0.0000465433  -0.0009946854   0.0001768076   0.0000567603  -0.0008515657
        0.0008158636  -0.0002262467  -0.0763025123   0.0756253514  -0.0001846901
        0.0007908561   0.0007982018  -0.0003102666   0.0002152143  -0.0003597411
        0.0000104824
       -0.0000106072  -0.0000270646  -0.0002623691  -0.0000718171  -0.0001128283
       -0.0013599778   0.0000144335   0.0001377142   0.0006110286   0.0007745155
        0.0009536363   0.0072299281   0.0028408350  -0.0006908615  -0.0001684281
        0.0076041561  -0.0011240279  -0.0332762727  -0.0018074707   0.0005853995
       -0.0000352554   0.0002781388   0.0009643643   0.0075377356  -0.0000936832
        0.0000187955   0.0001057803   0.0000980810  -0.0000340730   0.0000278695
        0.0000012048  -0.0000046823  -0.0000013116  -0.0001039493   0.0000379233
        0.0000205961   0.0001581942  -0.0000110513   0.0002127381  -0.0001066647
       -0.0002990429  -0.0024809367  -0.0093046918  -0.0001846901   0.0244221637
       -0.0002451854  -0.0002318550  -0.0024878438  -0.0000254894   0.0000223439
       -0.0000954446
       -0.0005110187   0.0000666288   0.0000017001  -0.0010803887  -0.0012165130
        0.0001458830  -0.0043977637   0.0025737466   0.0004562330   0.0000687466
        0.0008043953  -0.0000771006   0.0008484221   0.0016131733   0.0002067201
        0.0042395715   0.0026744149  -0.0004473910  -0.1755239582  -0.1297258807
        0.0180883900  -0.0254297302  -0.0225539208   0.0032533224   0.0022943273
       -0.0002171341  -0.0002784868   0.0000283389   0.0000044889  -0.0000183881
       -0.0001181910  -0.0000622708   0.0000138453   0.0000241537   0.0000123308
        0.0000143251   0.0000478331   0.0000465485  -0.0000864069   0.0001797114
        0.0002743462  -0.0000199890   0.0009335990   0.0007908561  -0.0002451854
        0.1974992321   0.1451934498  -0.0209909644   0.0008971147  -0.0002786596
       -0.0000165068
        0.0002202759   0.0000348266  -0.0000340336   0.0004472196   0.0001991248
       -0.0000529904   0.0014654844  -0.0000160122   0.0005945238   0.0006777986
        0.0002544518  -0.0000716683   0.0020332733  -0.0053273853   0.0009177729
       -0.0202662241  -0.0220027301   0.0028487266  -0.1310048524  -0.1728494238
        0.0183109302   0.0031613074   0.0048346908  -0.0004428725  -0.0004535842
        0.0009823619  -0.0003244846   0.0000183956  -0.0000032541  -0.0000086437
        0.0000106837   0.0000351716  -0.0000077894   0.0000123054  -0.0000132199
        0.0000057017   0.0000689423   0.0000594107  -0.0001337695  -0.0010431758
       -0.0011132615   0.0001638946  -0.0007284542   0.0007982018  -0.0002318550
        0.1451934498   0.1942051400  -0.0215440826   0.0001871547  -0.0000780930
        0.0000106398
       -0.0000104738  -0.0000334205  -0.0002797466   0.0000044220   0.0000424736
       -0.0001570738   0.0005592575   0.0005249659   0.0081449585  -0.0000624814
       -0.0000747025  -0.0001628343   0.0001625241   0.0009389294   0.0071734558
        0.0014211027   0.0016368925  -0.0003545368   0.0181984638   0.0182490692
       -0.0352150432   0.0011592656   0.0009096140   0.0013189625  -0.0002625617
       -0.0003349122  -0.0032763087   0.0000454421   0.0000282489  -0.0000132086
        0.0000051044  -0.0000011015  -0.0000154912  -0.0000510539  -0.0000274175
       -0.0000047793  -0.0000884454  -0.0001313322  -0.0015020968   0.0000876503
        0.0000944511   0.0002027816  -0.0001249283  -0.0003102666  -0.0024878438
       -0.0209909644  -0.0215440826   0.0264953449  -0.0000523236   0.0000325911
        0.0001334598
       -0.0005090541  -0.0000144141   0.0000177714  -0.0002942301   0.0018524671
       -0.0002253660   0.0028301349  -0.0032553404   0.0001495000  -0.0011464297
        0.0015684801  -0.0000858965   0.0008269007  -0.0002227898  -0.0000316662
       -0.0010333387   0.0000743835   0.0001096068  -0.0000949493   0.0023408097
       -0.0001321704  -0.0122232956   0.0152665026  -0.0006115696  -0.4225478845
        0.0223770039   0.0200470975   0.0000451525   0.0000648409  -0.0000469188
       -0.0002988071  -0.0000789321   0.0000296634   0.0000435624   0.0000439628
        0.0000169530  -0.0000046991  -0.0002285110   0.0000265575   0.0000530696
       -0.0000192276  -0.0000086075   0.0000508318   0.0002152143  -0.0000254894
        0.0008971147   0.0001871547  -0.0000523236   0.4334059215  -0.0401716047
       -0.0191771418
       -0.0011796256  -0.0000032019   0.0000527709  -0.0017589051   0.0007485465
       -0.0001158077   0.0043955960  -0.0017822471  -0.0000362763   0.0000231978
        0.0003803478  -0.0000627588   0.0002199935   0.0001396081  -0.0000325512
        0.0014908454  -0.0004226452   0.0000538672   0.0017069946  -0.0056909088
        0.0004542367   0.0392227289  -0.0085470008  -0.0013994906  -0.0041581145
       -0.0386659603   0.0027114617   0.0002391733   0.0003067360  -0.0001317762
        0.0000845512   0.0000902000  -0.0000029909   0.0002396937   0.0002845585
        0.0000288706   0.0000269688   0.0001403540   0.0000020811  -0.0000956116
        0.0001236206  -0.0000124390  -0.0000072222  -0.0003597411   0.0000223439
       -0.0002786596  -0.0000780930   0.0000325911  -0.0401716047   0.0533358268
       -0.0015641324
        0.0001118830  -0.0000141801  -0.0001481265   0.0000401576  -0.0002948322
       -0.0017874436  -0.0004569947   0.0003598327   0.0006262113   0.0000514828
       -0.0001559228  -0.0003684213  -0.0000713581   0.0000008742  -0.0001168112
       -0.0000139276   0.0001315863   0.0011926654  -0.0000761378   0.0004075669
        0.0009591049  -0.0025579684  -0.0001407922  -0.0001711926   0.0222105069
        0.0013238835  -0.0093381892   0.0000172237   0.0001887872  -0.0001985673
        0.0000167646   0.0000056798   0.0001115896  -0.0000804602  -0.0002690723
       -0.0001687268   0.0000065950   0.0000178942   0.0001912046   0.0000002001
       -0.0000182950  -0.0000771123  -0.0000043182   0.0000104824  -0.0000954446
       -0.0000165068   0.0000106398   0.0001334598  -0.0191771418  -0.0015641324
        0.0092557999
