           1           2  0.986006124388400     
           2           3   1.02627817265623     
           3           4   1.41113997089049     
           4           5   1.41200353387924     
           5           6   1.45307099048016     
           6           7   1.42254290085232     
           3           8   1.28922584029758     
           7           8   1.40053460551505     
           8           9   1.08012151210502     
           1          10  0.976963228680393     
           1          11  0.979691825672118     
           1          12  0.976963231330769     
           4          13  0.966074797189669     
           5          14  0.971359947419965     
           6          15  0.970901609320706     
           7          16  0.967361737919130     
           9          17  0.875525393088931     
