           1           2  0.980127634464404     
           2           3  0.969423897017808     
           3           4  0.972262379544717     
           4           5  0.952967759872574     
           1           6  0.977078132963443     
           5           6  0.971559577353823     
           5           7   1.00774315355179     
           4           8  0.998995489425022     
           3           9  0.998040982235360     
           2          10   1.00580687090261     
           1          11  0.966846665576424     
           1          12  0.965201362181441     
           2          13  0.956586507855960     
           3          14  0.955508523270808     
           4          15  0.955844929838355     
           5          16  0.942417533059391     
           7          17  0.874193934851977     
           8          18  0.884104401460732     
           9          19  0.882777214363400     
          10          20  0.880928680883930     
