           1           2  0.977686562163440     
           2           3  0.970084859054995     
           3           4  0.969099498809879     
           4           5  0.972240967209885     
           5           6  0.953911745176957     
           2           7  0.956578818853372     
           6           7  0.967599563064717     
           6           8   1.00945702004427     
           5           9  0.999897261559066     
           4          10  0.998697750350829     
           3          11   1.00657858004362     
           1          12   1.01474202423348     
           1          13  0.966370121565047     
           1          14  0.966680581278064     
           2          15  0.956219834855186     
           3          16  0.955001751827009     
           4          17  0.955403601096851     
           5          18  0.955555810328688     
           6          19  0.942737148597860     
           8          20  0.876818364800814     
           9          21  0.883536005329426     
          10          22  0.881738686682593     
          11          23  0.878059365124533     
          12          24  0.893779172710676     
