$hessian                                                                        
        0.6793953075  -0.0044649772   0.0049285360  -0.2028661203  -0.1572018024
       -0.0221707199  -0.0560738301  -0.0077092116  -0.0015762208   0.0017223703
       -0.0151869257  -0.0019210918  -0.0120695490   0.0332378645   0.0042359051
       -0.1176932225   0.1081361153   0.0135218584  -0.0013239251   0.0009188198
        0.0001169330  -0.2910418374   0.0523308384   0.0043645083   0.0055854996
        0.0057859808   0.0008102459  -0.0055714795   0.0013966457   0.0000484692
       -0.0055349001   0.0015484054   0.0000762244   0.0050666103  -0.0190216997
       -0.0024651419   0.0004050763   0.0002299467   0.0000304939
       -0.0044649772   0.6417029022   0.0694112685  -0.0793010972  -0.2234840627
       -0.0239296962  -0.0656766851   0.0448849125   0.0050738809  -0.0150929892
       -0.0643939325  -0.0078016898   0.0908332782   0.0020569509   0.0009377327
        0.0299763657  -0.3027236699  -0.0332266189   0.0015598890   0.0017216403
        0.0002641995   0.0522384897  -0.0547001548  -0.0023981844  -0.0181213726
       -0.0244964032  -0.0035019997   0.0021110336   0.0013250044  -0.0008397621
        0.0009896757   0.0014680755  -0.0008532628   0.0048342162  -0.0239871838
       -0.0032131120   0.0001141732   0.0006259210   0.0000772442
        0.0049285360   0.0694112685   0.1223071640  -0.0119540639  -0.0246811043
       -0.0506669963  -0.0091790028   0.0056367610   0.0021039755  -0.0019098121
       -0.0078109670  -0.0072001704   0.0117947610   0.0003800089   0.0018195054
        0.0032660081  -0.0324576155  -0.0519149015   0.0001976310   0.0002662226
       -0.0002081064   0.0043492072  -0.0023989414  -0.0328309890  -0.0023329303
       -0.0032681538   0.0003506490   0.0001461690  -0.0008542867   0.0078140558
       -0.0000012323  -0.0008547723   0.0079718440   0.0006758043  -0.0034470061
        0.0003833245   0.0000189248   0.0000785862   0.0000706453
       -0.2028661203  -0.0793010972  -0.0119540639   0.6591697788  -0.0042720746
        0.0047239817  -0.3266391569   0.0116120720  -0.0012171472  -0.0094809645
        0.0923939792   0.0120851304  -0.0578672198  -0.0186279240  -0.0029712621
        0.0538430961  -0.0557128704  -0.0068052732  -0.0006103644  -0.0009008959
       -0.0002063258  -0.0237479890  -0.0213269947  -0.0030435831  -0.0680467142
        0.0736944019   0.0093603141  -0.0232991747   0.0016172236  -0.0000052287
       -0.0004036463  -0.0007141956  -0.0000936246   0.0004162033   0.0021684315
        0.0002250886  -0.0004677281  -0.0006300558  -0.0000980062
       -0.1572018024  -0.2234840627  -0.0246811043  -0.0042720746   0.6647677866
        0.0719887234   0.0872680717  -0.1043597232  -0.0070769109   0.0330474459
        0.0059011236   0.0014261885  -0.0211126301  -0.0033296259  -0.0001200088
        0.0041430415  -0.0620501548  -0.0082907359   0.0029178278  -0.0063253828
       -0.0017153723   0.0027814851   0.0036211751   0.0005304888   0.0735256961
       -0.2729259984  -0.0306412752  -0.0223863792   0.0033264876   0.0002557890
       -0.0003335628   0.0006853809   0.0001029771   0.0017657487  -0.0053617077
       -0.0016818459  -0.0001428677  -0.0004652983  -0.0000969135
       -0.0221707199  -0.0239296962  -0.0506669963   0.0047239817   0.0719887234
        0.1261493636   0.0087144818  -0.0078130575  -0.0449596547   0.0042691346
        0.0020097659  -0.0021854726  -0.0032979590  -0.0000997731  -0.0040439379
        0.0010461172  -0.0088717123   0.0002298731   0.0003207726  -0.0017468759
        0.0066913855   0.0001383937   0.0002931662  -0.0001515253   0.0093347798
       -0.0306307644  -0.0383264179  -0.0031675002   0.0004845715  -0.0002249315
       -0.0000457174   0.0001091782  -0.0001742722   0.0001628415  -0.0016825782
        0.0073805445  -0.0000286065  -0.0001109476   0.0002820418
       -0.0560738301  -0.0656766851  -0.0091790028  -0.3266391569   0.0872680717
        0.0087144818   0.6749964462   0.0014169184   0.0056918387  -0.1059868039
        0.0142315051   0.0013215136   0.0488958378   0.0025363525   0.0008043760
       -0.0343400961   0.0351068319   0.0043237808  -0.0340199593   0.0450811139
        0.0055433451  -0.0019437437  -0.0031549504  -0.0004985574  -0.0114757692
        0.0047116648   0.0004971020  -0.1529510512  -0.1220506982  -0.0172267298
       -0.0024603258  -0.0034545841  -0.0005571191   0.0001468405   0.0009571042
        0.0001246820   0.0018516115   0.0030273550   0.0004402892
       -0.0077092116   0.0448849125   0.0056367610   0.0116120720  -0.1043597232
       -0.0078130575   0.0014169184   0.6423014783   0.0701289809   0.0988327894
       -0.2936675257  -0.0309780724  -0.0487303937  -0.0545495579  -0.0076752156
        0.0317415737  -0.0268291574  -0.0026603299   0.0128982029  -0.0145893358
       -0.0025873590  -0.0036405713  -0.0025195672  -0.0013449231   0.0286863754
       -0.0088980439  -0.0009709234  -0.1214000080  -0.1818865791  -0.0209460580
       -0.0030485249  -0.0026442406  -0.0013209470   0.0006969909   0.0003243167
        0.0000499054  -0.0013562132   0.0024330234   0.0004812386
       -0.0015762208   0.0050738809   0.0021039755  -0.0012171472  -0.0070769109
       -0.0449596547   0.0056918387   0.0701289809   0.1180115676   0.0124243757
       -0.0318004203  -0.0546151762  -0.0059316295  -0.0071765883  -0.0007421767
        0.0038840651  -0.0026286307  -0.0046056344   0.0013257189  -0.0022718191
        0.0057425082  -0.0005686841  -0.0013426482   0.0072755605   0.0036517760
       -0.0012086400   0.0005074398  -0.0171342179  -0.0209445396  -0.0344749524
       -0.0004950574  -0.0013318457   0.0070543684   0.0000939090   0.0000606081
       -0.0000468868  -0.0001487266   0.0005185728  -0.0012509387
        0.0017223703  -0.0150929892  -0.0019098121  -0.0094809645   0.0330474459
        0.0042691346  -0.1059868039   0.0988327894   0.0124243757   0.6476612393
        0.0048916880   0.0056661288  -0.1769370041  -0.1443310401  -0.0201819735
       -0.0543820887  -0.0071397533  -0.0014288448  -0.2706778756   0.0442554533
        0.0035411573   0.0007235599  -0.0003392045  -0.0000359865  -0.0049333451
        0.0011843710   0.0000425692   0.0014705421  -0.0204681189  -0.0026993162
        0.0065456966   0.0072578371   0.0009932571  -0.0049683885   0.0014037991
        0.0000450349  -0.0307569378  -0.0035022777  -0.0007257247
       -0.0151869257  -0.0643939325  -0.0078109670   0.0923939792   0.0059011236
        0.0020097659   0.0142315051  -0.2936675257  -0.0318004203   0.0048916880
        0.6598846261   0.0696979657  -0.0676876997  -0.2204063002  -0.0228199192
       -0.0649207026   0.0500164307   0.0062851400   0.0782054673  -0.0977117700
       -0.0073024507  -0.0002982587  -0.0007236823  -0.0001915096   0.0003154758
        0.0015575019  -0.0009045304   0.0041699077  -0.0250642379  -0.0033854152
       -0.0182053066  -0.0265478039  -0.0039118276   0.0020510667   0.0010163229
       -0.0010049714  -0.0299601964   0.0101392473   0.0011391397
       -0.0019210918  -0.0078016898  -0.0072001704   0.0120851304   0.0014261885
       -0.0021854726   0.0013215136  -0.0309780724  -0.0546151762   0.0056661288
        0.0696979657   0.1390956951  -0.0101182650  -0.0235695798  -0.0549352240
       -0.0090325947   0.0068450533  -0.0018086526   0.0080132279  -0.0076449854
       -0.0372069782  -0.0000371838  -0.0001814257   0.0006033324  -0.0000893403
       -0.0008987406   0.0083608409   0.0005513865  -0.0036344811   0.0005943115
       -0.0023462988  -0.0036665798   0.0013889699   0.0001349714  -0.0010149691
        0.0087113789  -0.0042275841   0.0014213161  -0.0008028548
       -0.0120695490   0.0908332782   0.0117947610  -0.0578672198  -0.0211126301
       -0.0032979590   0.0488958378  -0.0487303937  -0.0059316295  -0.1769370041
       -0.0676876997  -0.0101182650   0.6786496532  -0.0225653326   0.0025691800
       -0.3335521141   0.0138043264  -0.0010040638  -0.0467253724  -0.0289226638
       -0.0042881136   0.0003812664   0.0019124579   0.0001804464  -0.0003978680
       -0.0006073888  -0.0000781487   0.0004904957   0.0024274332   0.0002632670
       -0.0710496672   0.0789069310   0.0099990335  -0.0235012976   0.0017480255
       -0.0000012501  -0.0063171608  -0.0000063434  -0.0000872581
        0.0332378645   0.0020569509   0.0003800089  -0.0186279240  -0.0033296259
       -0.0000997731   0.0025363525  -0.0545495579  -0.0071765883  -0.1443310401
       -0.2204063002  -0.0235695798  -0.0225653326   0.6546613820   0.0713412885
        0.0887642941  -0.1051273685  -0.0072375246  -0.0027646917   0.0071808451
        0.0004064221   0.0023203402  -0.0050110000  -0.0015731832  -0.0003172421
        0.0008485471   0.0001170258   0.0018058748  -0.0052588986  -0.0016002000
        0.0800070265  -0.2747321938  -0.0310126254  -0.0217875041   0.0032289066
        0.0001535744   0.0017219818   0.0004383132  -0.0001288453
        0.0042359051   0.0009377327   0.0018195054  -0.0029712621  -0.0001200088
       -0.0040439379   0.0008043760  -0.0076752156  -0.0007421767  -0.0201819735
       -0.0228199192  -0.0549352240   0.0025691800   0.0713412885   0.1194557163
        0.0088372772  -0.0079697305  -0.0443927766  -0.0008561555   0.0001561761
        0.0038482366   0.0002386476  -0.0015824316   0.0069636345  -0.0000443642
        0.0001219832  -0.0001059649   0.0001731860  -0.0015949532   0.0068458396
        0.0101412633  -0.0310128083  -0.0368581729  -0.0030963404   0.0003770257
        0.0005008309   0.0001502605  -0.0001591390   0.0016444897
       -0.1176932225   0.0299763657   0.0032660081   0.0538430961   0.0041430415
        0.0010461172  -0.0343400961   0.0317415737   0.0038840651  -0.0543820887
       -0.0649207026  -0.0090325947  -0.3335521141   0.0887642941   0.0088372772
        0.6694826706   0.0083157810   0.0064688446   0.0007429702  -0.0018582434
       -0.0003081234  -0.0121575156   0.0282196084   0.0036017570  -0.0020343876
       -0.0037759851  -0.0006023601   0.0001044840   0.0009647036   0.0001253245
       -0.0107225488   0.0045505416   0.0004915696  -0.1579369678  -0.1265000343
       -0.0178243517  -0.0013542798   0.0003790558   0.0000464665
        0.1081361153  -0.3027236699  -0.0324576155  -0.0557128704  -0.0620501548
       -0.0088717123   0.0351068319  -0.0268291574  -0.0026286307  -0.0071397533
        0.0500164307   0.0068450533   0.0138043264  -0.1051273685  -0.0079697305
        0.0083157810   0.6553456445   0.0708202558  -0.0037116335  -0.0054055508
       -0.0014650307   0.0042465899  -0.0076039730  -0.0009487355  -0.0033045590
       -0.0029105924  -0.0014315766   0.0006277068   0.0001678593   0.0000463283
        0.0275673042  -0.0079454070  -0.0007597213  -0.1263799568  -0.1846112904
       -0.0209423673  -0.0015558825  -0.0003227705  -0.0002365169
        0.0135218584  -0.0332266189  -0.0519149015  -0.0068052732  -0.0082907359
        0.0002298731   0.0043237808  -0.0026603299  -0.0046056344  -0.0014288448
        0.0062851400  -0.0018086526  -0.0010040638  -0.0072375246  -0.0443927766
        0.0064688446   0.0708202558   0.1264019311  -0.0005528194  -0.0014626532
        0.0053849278   0.0004397267  -0.0007132955  -0.0001685408  -0.0005304165
       -0.0014444197   0.0076013584   0.0000852230   0.0000597049  -0.0001940490
        0.0035192267  -0.0009889695  -0.0002035225  -0.0178087083  -0.0209344573
       -0.0376076242  -0.0002285341  -0.0002060961   0.0012776112
       -0.0013239251   0.0015598890   0.0001976310  -0.0006103644   0.0029178278
        0.0003207726  -0.0340199593   0.0128982029   0.0013257189  -0.2706778756
        0.0782054673   0.0080132279  -0.0467253724  -0.0027646917  -0.0008561555
        0.0007429702  -0.0037116335  -0.0005528194   0.4887014948   0.0946900045
        0.0169520327   0.0003604768  -0.0000875697  -0.0000039853  -0.0014379774
        0.0005494553   0.0000488983   0.0041517844  -0.0019917240  -0.0001946100
        0.0015585756   0.0004439276   0.0001114650  -0.0010841234   0.0000578024
       -0.0000031854  -0.1396357041  -0.1827669577  -0.0253589909
        0.0009188198   0.0017216403   0.0002662226  -0.0009008959  -0.0063253828
       -0.0017468759   0.0450811139  -0.0145893358  -0.0022718191   0.0442554533
       -0.0977117700  -0.0076449854  -0.0289226638   0.0071808451   0.0001561761
       -0.0018582434  -0.0054055508  -0.0014626532   0.0946900045   0.4362057256
        0.0547206878   0.0000474976   0.0000863656   0.0001977403   0.0018939674
       -0.0006533508  -0.0000328334   0.0012560824   0.0019380204   0.0004763341
        0.0006516517   0.0017255175   0.0006329226  -0.0012555026   0.0001754235
        0.0000073324  -0.1558572848  -0.3243481477  -0.0432982488
        0.0001169330   0.0002641995  -0.0002081064  -0.0002063258  -0.0017153723
        0.0066913855   0.0055433451  -0.0025873590   0.0057425082   0.0035411573
       -0.0073024507  -0.0372069782  -0.0042881136   0.0004064221   0.0038482366
       -0.0003081234  -0.0014650307   0.0053849278   0.0169520327   0.0547206878
        0.0343920829   0.0000225941   0.0001955336  -0.0013846636   0.0002379705
       -0.0000504264  -0.0002395991   0.0002196334   0.0004438741  -0.0015344638
        0.0001312927   0.0006384319  -0.0029757235  -0.0001731012   0.0000228565
        0.0000045739  -0.0217892949  -0.0435713665  -0.0125141802
       -0.2910418374   0.0522384897   0.0043492072  -0.0237479890   0.0027814851
        0.0001383937  -0.0019437437  -0.0036405713  -0.0005686841   0.0007235599
       -0.0002982587  -0.0000371838   0.0003812664   0.0023203402   0.0002386476
       -0.0121575156   0.0042465899   0.0004397267   0.0003604768   0.0000474976
        0.0000225941   0.3271839928  -0.0577964983  -0.0046442512   0.0008688002
        0.0005762326   0.0001069847  -0.0011657285   0.0002454996   0.0000199099
       -0.0005453661   0.0000335343  -0.0000039102   0.0009489646  -0.0006475767
       -0.0000495045   0.0001351197  -0.0001067639  -0.0000119302
        0.0523308384  -0.0547001548  -0.0023989414  -0.0213269947   0.0036211751
        0.0002931662  -0.0031549504  -0.0025195672  -0.0013426482  -0.0003392045
       -0.0007236823  -0.0001814257   0.0019124579  -0.0050110000  -0.0015824316
        0.0282196084  -0.0076039730  -0.0007132955  -0.0000875697   0.0000863656
        0.0001955336  -0.0577964983   0.0655449753   0.0049350270  -0.0008582953
        0.0008064504   0.0004315092  -0.0011640881   0.0001255909  -0.0000322813
        0.0013930967  -0.0003593605  -0.0000625900   0.0008102584   0.0007020662
        0.0004216806   0.0000613413   0.0000311142   0.0000366971
        0.0043645083  -0.0023981844  -0.0328309890  -0.0030435831   0.0005304888
       -0.0001515253  -0.0004985574  -0.0013449231   0.0072755605  -0.0000359865
       -0.0001915096   0.0006033324   0.0001804464  -0.0015731832   0.0069636345
        0.0036017570  -0.0009487355  -0.0001685408  -0.0000039853   0.0001977403
       -0.0013846636  -0.0046442512   0.0049350270   0.0243225428  -0.0000784163
        0.0004451105  -0.0024880056  -0.0001679508  -0.0000168424   0.0002691327
        0.0001765367  -0.0000762044   0.0002035186   0.0001371062   0.0004066139
       -0.0023987898   0.0000123758   0.0000346021  -0.0002152075
        0.0055854996  -0.0181213726  -0.0023329303  -0.0680467142   0.0735256961
        0.0093347798  -0.0114757692   0.0286863754   0.0036517760  -0.0049333451
        0.0003154758  -0.0000893403  -0.0003978680  -0.0003172421  -0.0000443642
       -0.0020343876  -0.0033045590  -0.0005304165  -0.0014379774   0.0018939674
        0.0002379705   0.0008688002  -0.0008582953  -0.0000784163   0.0806402152
       -0.0816580156  -0.0101822357   0.0007899010   0.0008024221   0.0001389058
        0.0000210356  -0.0000317752   0.0000123667   0.0002069195  -0.0009870833
       -0.0001279385   0.0002136905   0.0000544063   0.0000098428
        0.0057859808  -0.0244964032  -0.0032681538   0.0736944019  -0.2729259984
       -0.0306307644   0.0047116648  -0.0088980439  -0.0012086400   0.0011843710
        0.0015575019  -0.0008987406  -0.0006073888   0.0008485471   0.0001219832
       -0.0037759851  -0.0029105924  -0.0014444197   0.0005494553  -0.0006533508
       -0.0000504264   0.0005762326   0.0008064504   0.0004451105  -0.0816580156
        0.3067686534   0.0363443981  -0.0006660720   0.0010623758   0.0004986865
       -0.0000252049   0.0001105975   0.0002445722   0.0003285342  -0.0012719515
       -0.0001513033  -0.0000979742   0.0000022140  -0.0000023023
        0.0008102459  -0.0035019997   0.0003506490   0.0093603141  -0.0306412752
       -0.0383264179   0.0004971020  -0.0009709234   0.0005074398   0.0000425692
       -0.0009045304   0.0083608409  -0.0000781487   0.0001170258  -0.0001059649
       -0.0006023601  -0.0014315766   0.0076013584   0.0000488983  -0.0000328334
       -0.0002395991   0.0001069847   0.0004315092  -0.0024880056  -0.0101822357
        0.0363443981   0.0288576223  -0.0000517451   0.0005136013  -0.0027214956
        0.0000130690   0.0002446850  -0.0016986464   0.0000475565  -0.0001642382
       -0.0001191358  -0.0000122504  -0.0000038426   0.0000213551
       -0.0055714795   0.0021110336   0.0001461690  -0.0232991747  -0.0223863792
       -0.0031675002  -0.1529510512  -0.1214000080  -0.0171342179   0.0014705421
        0.0041699077   0.0005513865   0.0004904957   0.0018058748   0.0001731860
        0.0001044840   0.0006277068   0.0000852230   0.0041517844   0.0012560824
        0.0002196334  -0.0011657285  -0.0011640881  -0.0001679508   0.0007899010
       -0.0006660720  -0.0000517451   0.1760566928   0.1364083743   0.0194187709
        0.0001899011   0.0003094830   0.0000467248   0.0000170280   0.0000358694
        0.0000226803  -0.0002833951  -0.0011077846  -0.0001423599
        0.0013966457   0.0013250044  -0.0008542867   0.0016172236   0.0033264876
        0.0004845715  -0.1220506982  -0.1818865791  -0.0209445396  -0.0204681189
       -0.0250642379  -0.0036344811   0.0024274332  -0.0052588986  -0.0015949532
        0.0009647036   0.0001678593   0.0000597049  -0.0019917240   0.0019380204
        0.0004438741   0.0002454996   0.0001255909  -0.0000168424   0.0008024221
        0.0010623758   0.0005136013   0.1364083743   0.2057745321   0.0253837721
       -0.0011518110  -0.0012227329  -0.0001328986   0.0000560590   0.0000696423
        0.0002362240   0.0017439911  -0.0003570644   0.0000562538
        0.0000484692  -0.0008397621   0.0078140558  -0.0000052287   0.0002557890
       -0.0002249315  -0.0172267298  -0.0209460580  -0.0344749524  -0.0026993162
       -0.0033854152   0.0005943115   0.0002632670  -0.0016002000   0.0068458396
        0.0001253245   0.0000463283  -0.0001940490  -0.0001946100   0.0004763341
       -0.0015344638   0.0000199099  -0.0000322813   0.0002691327   0.0001389058
        0.0004986865  -0.0027214956   0.0194187709   0.0253837721   0.0262575907
       -0.0001480915  -0.0001165946  -0.0003215915   0.0000262067   0.0002364736
       -0.0016725881   0.0002331221   0.0000229277  -0.0006368583
       -0.0055349001   0.0009896757  -0.0000012323  -0.0004036463  -0.0003335628
       -0.0000457174  -0.0024603258  -0.0030485249  -0.0004950574   0.0065456966
       -0.0182053066  -0.0023462988  -0.0710496672   0.0800070265   0.0101412633
       -0.0107225488   0.0275673042   0.0035192267   0.0015585756   0.0006516517
        0.0001312927  -0.0005453661   0.0013930967   0.0001765367   0.0000210356
       -0.0000252049   0.0000130690   0.0001899011  -0.0011518110  -0.0001480915
        0.0814266941  -0.0888153966  -0.0111084756   0.0008310895   0.0008122631
        0.0001415493   0.0001434618   0.0001587889   0.0000219352
        0.0015484054   0.0014680755  -0.0008547723  -0.0007141956   0.0006853809
        0.0001091782  -0.0034545841  -0.0026442406  -0.0013318457   0.0072578371
       -0.0265478039  -0.0036665798   0.0789069310  -0.2747321938  -0.0310128083
        0.0045505416  -0.0079454070  -0.0009889695   0.0004439276   0.0017255175
        0.0006384319   0.0000335343  -0.0003593605  -0.0000762044  -0.0000317752
        0.0001105975   0.0002446850   0.0003094830  -0.0012227329  -0.0001165946
       -0.0888153966   0.3078598256   0.0364968627  -0.0007331707   0.0009651220
        0.0004913839   0.0006984623   0.0006372197   0.0000672328
        0.0000762244  -0.0008532628   0.0079718440  -0.0000936246   0.0001029771
       -0.0001742722  -0.0005571191  -0.0013209470   0.0070543684   0.0009932571
       -0.0039118276   0.0013889699   0.0099990335  -0.0310126254  -0.0368581729
        0.0004915696  -0.0007597213  -0.0002035225   0.0001114650   0.0006329226
       -0.0029757235  -0.0000039102  -0.0000625900   0.0002035186   0.0000123667
        0.0002445722  -0.0016986464   0.0000467248  -0.0001328986  -0.0003215915
       -0.0111084756   0.0364968627   0.0282607875  -0.0000594010   0.0005072261
       -0.0027728778   0.0000918894   0.0000693121   0.0001253184
        0.0050666103   0.0048342162   0.0006758043   0.0004162033   0.0017657487
        0.0001628415   0.0001468405   0.0006969909   0.0000939090  -0.0049683885
        0.0020510667   0.0001349714  -0.0235012976  -0.0217875041  -0.0030963404
       -0.1579369678  -0.1263799568  -0.0178087083  -0.0010841234  -0.0012555026
       -0.0001731012   0.0009489646   0.0008102584   0.0001371062   0.0002069195
        0.0003285342   0.0000475565   0.0000170280   0.0000560590   0.0000262067
        0.0008310895  -0.0007331707  -0.0000594010   0.1803119477   0.1397703488
        0.0198863236  -0.0004548261  -0.0001570885  -0.0000271682
       -0.0190216997  -0.0239871838  -0.0034470061   0.0021684315  -0.0053617077
       -0.0016825782   0.0009571042   0.0003243167   0.0000606081   0.0014037991
        0.0010163229  -0.0010149691   0.0017480255   0.0032289066   0.0003770257
       -0.1265000343  -0.1846112904  -0.0209344573   0.0000578024   0.0001754235
        0.0000228565  -0.0006475767   0.0007020662   0.0004066139  -0.0009870833
       -0.0012719515  -0.0001642382   0.0000358694   0.0000696423   0.0002364736
        0.0008122631   0.0009651220   0.0005072261   0.1397703488   0.2087340935
        0.0255961274   0.0002027502   0.0000162397   0.0000363174
       -0.0024651419  -0.0032131120   0.0003833245   0.0002250886  -0.0016818459
        0.0073805445   0.0001246820   0.0000499054  -0.0000468868   0.0000450349
       -0.0010049714   0.0087113789  -0.0000012501   0.0001535744   0.0005008309
       -0.0178243517  -0.0209423673  -0.0376076242  -0.0000031854   0.0000073324
        0.0000045739  -0.0000495045   0.0004216806  -0.0023987898  -0.0001279385
       -0.0001513033  -0.0001191358   0.0000226803   0.0002362240  -0.0016725881
        0.0001415493   0.0004913839  -0.0027728778   0.0198863236   0.0255961274
        0.0278877120   0.0000260133   0.0000373718  -0.0002504621
        0.0004050763   0.0001141732   0.0000189248  -0.0004677281  -0.0001428677
       -0.0000286065   0.0018516115  -0.0013562132  -0.0001487266  -0.0307569378
       -0.0299601964  -0.0042275841  -0.0063171608   0.0017219818   0.0001502605
       -0.0013542798  -0.0015558825  -0.0002285341  -0.1396357041  -0.1558572848
       -0.0217892949   0.0001351197   0.0000613413   0.0000123758   0.0002136905
       -0.0000979742  -0.0000122504  -0.0002833951   0.0017439911   0.0002331221
        0.0001434618   0.0006984623   0.0000918894  -0.0004548261   0.0002027502
        0.0000260133   0.1765210721   0.1844277189   0.0259024105
        0.0002299467   0.0006259210   0.0000785862  -0.0006300558  -0.0004652983
       -0.0001109476   0.0030273550   0.0024330234   0.0005185728  -0.0035022777
        0.0101392473   0.0014213161  -0.0000063434   0.0004383132  -0.0001591390
        0.0003790558  -0.0003227705  -0.0002060961  -0.1827669577  -0.3243481477
       -0.0435713665  -0.0001067639   0.0000311142   0.0000346021   0.0000544063
        0.0000022140  -0.0000038426  -0.0011077846  -0.0003570644   0.0000229277
        0.0001587889   0.0006372197   0.0000693121  -0.0001570885   0.0000162397
        0.0000373718   0.1844277189   0.3111699885   0.0418687031
        0.0000304939   0.0000772442   0.0000706453  -0.0000980062  -0.0000969135
        0.0002820418   0.0004402892   0.0004812386  -0.0012509387  -0.0007257247
        0.0011391397  -0.0008028548  -0.0000872581  -0.0001288453   0.0016444897
        0.0000464665  -0.0002365169   0.0012776112  -0.0253589909  -0.0432982488
       -0.0125141802  -0.0000119302   0.0000366971  -0.0002152075   0.0000098428
       -0.0000023023   0.0000213551  -0.0001423599   0.0000562538  -0.0006368583
        0.0000219352   0.0000672328   0.0001253184  -0.0000271682   0.0000363174
       -0.0002504621   0.0259024105   0.0418687031   0.0122490400
