           1           2   1.44051463675126     
           2           3   1.44415488514184     
           3           4   1.37724793548251     
           2           5  0.109832521577745     
           4           5   1.36394404023510     
           1           6   1.42838755494351     
           3           6  0.106442221927276     
           5           6   1.45927567933992     
           4           7   1.06975632748203     
           1           8  0.971538032706521     
           2           9  0.971345391700827     
           3          10  0.966690983062998     
           5          11  0.968522560331635     
           6          12  0.970983666246896     
           7          13  0.889931255312486     
