$hessian                                                                        
        0.4810488977   0.0382364479  -0.0188798488  -0.1496264845   0.0163962573
       -0.0589861792  -0.0224422784  -0.0049389674  -0.0119387222   0.0008388893
        0.0016447497   0.0001702116   0.0082714587  -0.0107473370  -0.0044370166
       -0.0975447035   0.0510351350   0.0225040847  -0.0607288353  -0.0109218601
        0.0600200289  -0.1225669474  -0.1099613624   0.0094625882  -0.0170397286
        0.0059724551  -0.0100654558   0.0039881574  -0.0006121400   0.0007470772
        0.0004596188   0.0006247439  -0.0004941330  -0.0022093590  -0.0034145398
       -0.0002936732   0.0000637594   0.0002254900   0.0000953004  -0.0000188101
       -0.0001294661  -0.0000949104   0.0004816812  -0.0005217497  -0.0004217892
       -0.0012326270  -0.0040878291  -0.0002926348  -0.0157845672   0.0218574845
        0.0066048715  -0.0059581212   0.0093424883   0.0063002006
        0.0382364479   0.4997322756  -0.0099920091   0.0148295995  -0.0678047898
        0.0114449821  -0.0199052456   0.0014948179  -0.0122753175   0.0016447502
        0.0020254769   0.0003706139   0.0070523937  -0.0301880896  -0.0086893546
        0.0526435849  -0.1481751801  -0.0339826839  -0.0109352124  -0.0491140041
        0.0303707063  -0.1099666943  -0.1888773175   0.0115827498   0.0214119271
       -0.0055503507   0.0129498975   0.0045591110  -0.0003908903   0.0041335331
       -0.0000977312   0.0005251741  -0.0006240958  -0.0042377555  -0.0036863594
       -0.0006508754   0.0002265594   0.0002693999   0.0001482743  -0.0000962479
       -0.0001329081  -0.0002121588   0.0007307448   0.0007506722  -0.0005226313
       -0.0030165009  -0.0046031403  -0.0002949169   0.0065431492  -0.0069570635
       -0.0017486330   0.0003771200   0.0006822767  -0.0020080807
       -0.0188798488  -0.0099920091   0.5129473628  -0.0592297017   0.0121055704
       -0.1109541004  -0.0042724321  -0.0030466631  -0.0003337677   0.0001702118
        0.0003706137   0.0002205078  -0.0008727184  -0.0024852443   0.0006343777
        0.0229271106  -0.0343946009  -0.0826707518   0.0599802848   0.0303199270
       -0.2482363358   0.0094230382   0.0115294244  -0.0463708455   0.0063176318
       -0.0012911070   0.0047024638  -0.0244916110   0.0054218984  -0.0229418079
        0.0012791713   0.0004542194   0.0006884514   0.0002721305   0.0001583108
        0.0007048380   0.0001082632   0.0001667980  -0.0000126179   0.0000184070
       -0.0000592440  -0.0002671473  -0.0001103179   0.0012574161   0.0004479423
        0.0001402004   0.0002645261   0.0006467183  -0.0092943146   0.0131542461
        0.0048534324   0.0165144951  -0.0239340820  -0.0140587200
       -0.1496264845   0.0148295995  -0.0592297017   0.4734068257  -0.0267811979
       -0.0295648144  -0.1109536562  -0.0614569594   0.0045854057   0.0082714572
        0.0070523928  -0.0008727188   0.0004761017  -0.0014147816  -0.0003818037
       -0.0190318907   0.0105682915  -0.0076608756   0.0039786248  -0.0000819515
        0.0008488187  -0.0198657293   0.0000924479  -0.0127312548  -0.0989334873
        0.0912372840   0.0412605322  -0.0604842339  -0.0089352568   0.0606951709
       -0.0074937274  -0.0106567291   0.0031130753  -0.0187818241  -0.0211691886
       -0.0011439163  -0.0004718288   0.0034942819   0.0009951804   0.0004737504
        0.0006699341  -0.0001384069   0.0000054519   0.0001275361  -0.0000244132
        0.0000118754  -0.0002077747   0.0000075567  -0.0013652980   0.0030525519
        0.0008509902   0.0003840730  -0.0004204801  -0.0006088247
        0.0163962573  -0.0678047898   0.0121055704  -0.0267811979   0.5012132298
        0.0072695760  -0.0631177781  -0.1489865357   0.0050914439  -0.0107473377
       -0.0301880944  -0.0024852420  -0.0014147814   0.0023917209   0.0003848534
        0.0221201172  -0.0072470692   0.0115470497   0.0038614616  -0.0004867839
        0.0042091357  -0.0203620891   0.0020509855  -0.0130678747   0.0912527431
       -0.1858606450  -0.0623076680  -0.0089045333  -0.0512322227   0.0353384223
       -0.0062466677  -0.0076414007   0.0034727452  -0.0009851148   0.0009363255
       -0.0005372715   0.0023495458  -0.0046937311  -0.0015962531  -0.0005772059
        0.0009491781   0.0007469304   0.0000600676  -0.0002612399   0.0002286895
       -0.0002135547   0.0003926037  -0.0000186949   0.0036399169  -0.0041054989
       -0.0010167223  -0.0003298488   0.0005739679   0.0006353100
       -0.0589861792   0.0114449821  -0.1109541004  -0.0295648144   0.0072695760
        0.5190846536   0.0044668800   0.0054812051  -0.0684478083  -0.0044370169
       -0.0086893560   0.0006343783  -0.0003818035   0.0003848529   0.0002134276
        0.0036251095   0.0012061846   0.0049919181  -0.0245872709   0.0059028465
       -0.0228389842  -0.0012239410  -0.0004655209  -0.0000568668   0.0412290131
       -0.0622499805  -0.0730182528   0.0606634783   0.0354019416  -0.2463582404
        0.0182226216   0.0239174827  -0.0042001419  -0.0123191692  -0.0138548023
       -0.0000404450   0.0009616266  -0.0021829938  -0.0000184925  -0.0004838518
       -0.0010301901   0.0002608579   0.0000546102   0.0000597456  -0.0001620351
        0.0000164754  -0.0000356536  -0.0000842378   0.0015733859  -0.0019063862
        0.0002797627   0.0011708465  -0.0006539337   0.0007146070
       -0.0224422784  -0.0199052456  -0.0042724321  -0.1109536562  -0.0631177781
        0.0044668800   0.5068842502  -0.0058305765   0.0137307795  -0.0975447004
        0.0526435826   0.0229271168  -0.0190318936   0.0221201190   0.0036251132
        0.0026370400  -0.0003810227   0.0011517717   0.0008768122  -0.0000961291
        0.0009372340  -0.0046717030   0.0000914627  -0.0030026267   0.0073632455
        0.0099143390  -0.0001431040  -0.0076413543  -0.0100199513   0.0034203163
       -0.0655928176  -0.0098931583   0.0628186082  -0.1876375217   0.0276406940
       -0.1057164715   0.0075350531  -0.0130575169  -0.0048111055  -0.0061142220
        0.0086454675   0.0064076055   0.0008089445  -0.0002831653   0.0008688815
       -0.0045882177   0.0015927768  -0.0027166230   0.0004581457  -0.0000558016
        0.0001218290  -0.0003451262  -0.0000080961   0.0001862271
       -0.0049389674   0.0014948179  -0.0030466631  -0.0614569594  -0.1489865357
        0.0054812051  -0.0058305765   0.4529603323  -0.0159366352   0.0510351347
       -0.1481751803  -0.0343946149   0.0105682932  -0.0072470707   0.0012061819
       -0.0003810227  -0.0002699627  -0.0002516585   0.0006144727   0.0004326127
        0.0002343289   0.0010449106   0.0009577183   0.0005130144  -0.0144354431
       -0.0257663402  -0.0002395366  -0.0068595698  -0.0075805893   0.0031189527
       -0.0099093658  -0.0470945804   0.0329263247   0.0276285611  -0.0462019224
        0.0211733176   0.0114410877  -0.0260582039  -0.0093361542   0.0009288443
        0.0006471309  -0.0017251221  -0.0003655635   0.0002793471  -0.0003875693
        0.0009420653   0.0006287643   0.0006548347  -0.0000501668  -0.0000754505
       -0.0000115221   0.0000242653   0.0000551128   0.0000213161
       -0.0119387222  -0.0122753175  -0.0003337677   0.0045854057   0.0050914439
       -0.0684478083   0.0137307795  -0.0159366352   0.5338011830   0.0225040911
       -0.0339826957  -0.0826707623  -0.0076608731   0.0115470468   0.0049919193
        0.0011517711  -0.0002516584   0.0007041484  -0.0008215592  -0.0008718139
        0.0003868967  -0.0037314058   0.0000467667  -0.0014689984  -0.0054982573
       -0.0096206476   0.0005153806   0.0183342925   0.0239192367  -0.0041116573
        0.0628986370   0.0329200625  -0.2453757809  -0.1056428899   0.0211688416
       -0.1239615324  -0.0002721635   0.0000903048   0.0006503912   0.0168317647
       -0.0240115926  -0.0138681798  -0.0008894580   0.0009246315   0.0005990733
       -0.0036780453   0.0012182482  -0.0012292131   0.0001034748  -0.0000094119
       -0.0000614870  -0.0000068421   0.0000331901  -0.0001198051
        0.0008388893   0.0016447502   0.0001702118   0.0082714572  -0.0107473377
       -0.0044370169  -0.0975447004   0.0510351347   0.0225040911   0.4810488882
        0.0382364532  -0.0188798465  -0.1496264869   0.0163962620  -0.0589861741
       -0.0224422731  -0.0049389644  -0.0119387211  -0.0000188101  -0.0001294660
       -0.0000949103   0.0000637593   0.0002254899   0.0000953003  -0.0012326269
       -0.0040878289  -0.0002926340   0.0004816815  -0.0005217503  -0.0004217893
       -0.0059581166   0.0093424825   0.0063001992  -0.0157845695   0.0218574881
        0.0066048763  -0.1225669471  -0.1099613700   0.0094625811  -0.0607288308
       -0.0109218640   0.0600200168   0.0039881561  -0.0006121404   0.0007470760
       -0.0170397308   0.0059724567  -0.0100654550  -0.0022093582  -0.0034145389
       -0.0002936731   0.0004596187   0.0006247434  -0.0004941322
        0.0016447497   0.0020254769   0.0003706137   0.0070523928  -0.0301880944
       -0.0086893560   0.0526435826  -0.1481751803  -0.0339826957   0.0382364532
        0.4997323059  -0.0099920063   0.0148296032  -0.0678047925   0.0114449859
       -0.0199052432   0.0014948213  -0.0122753172  -0.0000962480  -0.0001329080
       -0.0002121589   0.0002265590   0.0002694002   0.0001482742  -0.0030165017
       -0.0046031411  -0.0002949171   0.0007307455   0.0007506722  -0.0005226322
        0.0003771194   0.0006822782  -0.0020080799   0.0065431490  -0.0069570633
       -0.0017486341  -0.1099667020  -0.1888773353   0.0115827400  -0.0109352159
       -0.0491140108   0.0303707243   0.0045591162  -0.0003908922   0.0041335367
        0.0214119265  -0.0055503517   0.0129498941  -0.0042377553  -0.0036863590
       -0.0006508761  -0.0000977310   0.0005251738  -0.0006240954
        0.0001702116   0.0003706139   0.0002205078  -0.0008727188  -0.0024852420
        0.0006343783   0.0229271168  -0.0343946149  -0.0826707623  -0.0188798465
       -0.0099920063   0.5129473479  -0.0592296941   0.0121055748  -0.1109540900
       -0.0042724341  -0.0030466638  -0.0003337692   0.0000184068  -0.0000592440
       -0.0002671471   0.0001082631   0.0001667980  -0.0000126176   0.0001402010
        0.0002645275   0.0006467180  -0.0001103177   0.0012574172   0.0004479429
        0.0165144933  -0.0239340831  -0.0140587248  -0.0092943112   0.0131542416
        0.0048534332   0.0094230311   0.0115294151  -0.0463708422   0.0599802733
        0.0303199449  -0.2482363262  -0.0244916107   0.0054219011  -0.0229418043
        0.0063176361  -0.0012911089   0.0047024657   0.0002721293   0.0001583099
        0.0007048386   0.0012791706   0.0004542190   0.0006884512
        0.0082714587   0.0070523937  -0.0008727184   0.0004761017  -0.0014147814
       -0.0003818035  -0.0190318936   0.0105682932  -0.0076608731  -0.1496264869
        0.0148296032  -0.0592296941   0.4734068294  -0.0267811877  -0.0295648075
       -0.1109536550  -0.0614569553   0.0045853938   0.0004737505   0.0006699334
       -0.0001384072  -0.0004718291   0.0034942826   0.0009951799   0.0000118754
       -0.0002077748   0.0000075569   0.0000054517   0.0001275361  -0.0000244132
        0.0003840731  -0.0004204803  -0.0006088248  -0.0013652983   0.0030525523
        0.0008509906  -0.0198657295   0.0000924488  -0.0127312538   0.0039786241
       -0.0000819512   0.0008488178  -0.0604842249  -0.0089352656   0.0606951506
       -0.0989334928   0.0912372733   0.0412605536  -0.0187818223  -0.0211691854
       -0.0011439214  -0.0074937322  -0.0106567347   0.0031130739
       -0.0107473370  -0.0301880896  -0.0024852443  -0.0014147816   0.0023917209
        0.0003848529   0.0221201190  -0.0072470707   0.0115470468   0.0163962620
       -0.0678047925   0.0121055748  -0.0267811877   0.5012131985   0.0072695729
       -0.0631177775  -0.1489865332   0.0050914286  -0.0005772054   0.0009491783
        0.0007469296   0.0023495457  -0.0046937303  -0.0015962532  -0.0002135549
        0.0003926036  -0.0000186952   0.0000600674  -0.0002612401   0.0002286895
       -0.0003298489   0.0005739683   0.0006353103   0.0036399167  -0.0041054990
       -0.0010167229  -0.0203620901   0.0020509867  -0.0130678736   0.0038614653
       -0.0004867850   0.0042091384  -0.0089045411  -0.0512322390   0.0353384623
        0.0912527329  -0.1858605995  -0.0623076900  -0.0009851146   0.0009363261
       -0.0005372712  -0.0062466701  -0.0076414036   0.0034727442
       -0.0044370166  -0.0086893546   0.0006343777  -0.0003818037   0.0003848534
        0.0002134276   0.0036251132   0.0012061819   0.0049919193  -0.0589861741
        0.0114449859  -0.1109540900  -0.0295648075   0.0072695729   0.5190846469
        0.0044668685   0.0054811890  -0.0684478070  -0.0004838515  -0.0010301887
        0.0002608575   0.0009616263  -0.0021829927  -0.0000184921   0.0000164754
       -0.0000356536  -0.0000842382   0.0000546103   0.0000597455  -0.0001620353
        0.0011708466  -0.0006539336   0.0007146071   0.0015733868  -0.0019063872
        0.0002797620  -0.0012239424  -0.0004655210  -0.0000568679  -0.0245872717
        0.0059028479  -0.0228389813   0.0606634563   0.0354019821  -0.2463582193
        0.0412290344  -0.0622500016  -0.0730182818  -0.0123191731  -0.0138548059
       -0.0000404485   0.0182226230   0.0239174805  -0.0042001368
       -0.0975447035   0.0526435849   0.0229271106  -0.0190318907   0.0221201172
        0.0036251095   0.0026370400  -0.0003810227   0.0011517711  -0.0224422731
       -0.0199052432  -0.0042724341  -0.1109536550  -0.0631177775   0.0044668685
        0.5068842092  -0.0058305767   0.0137307650  -0.0061142244   0.0086454709
        0.0064076058   0.0075350532  -0.0130575178  -0.0048111034  -0.0045882168
        0.0015927760  -0.0027166233   0.0008089451  -0.0002831654   0.0008688816
       -0.0003451264  -0.0000080962   0.0001862270   0.0004581459  -0.0000558017
        0.0001218287  -0.0046717022   0.0000914633  -0.0030026266   0.0008768126
       -0.0000961289   0.0009372335  -0.0076413553  -0.0100199536   0.0034203150
        0.0073632453   0.0099143398  -0.0001431014  -0.1876374567   0.0276406951
       -0.1057164735  -0.0655928472  -0.0098931637   0.0628186459
        0.0510351350  -0.1481751801  -0.0343946009   0.0105682915  -0.0072470692
        0.0012061846  -0.0003810227  -0.0002699627  -0.0002516584  -0.0049389644
        0.0014948213  -0.0030466638  -0.0614569553  -0.1489865332   0.0054811890
       -0.0058305767   0.4529603393  -0.0159366352   0.0009288465   0.0006471287
       -0.0017251228   0.0114410881  -0.0260582063  -0.0093361512   0.0009420649
        0.0006287646   0.0006548348  -0.0003655634   0.0002793473  -0.0003875689
        0.0000242653   0.0000551127   0.0000213160  -0.0000501668  -0.0000754506
       -0.0000115221   0.0010449117   0.0009577183   0.0005130144   0.0006144723
        0.0004326129   0.0002343282  -0.0068595742  -0.0075805952   0.0031189517
       -0.0144354418  -0.0257663410  -0.0002395419   0.0276285618  -0.0462019278
        0.0211733271  -0.0099093717  -0.0470945788   0.0329263195
        0.0225040847  -0.0339826839  -0.0826707518  -0.0076608756   0.0115470497
        0.0049919181   0.0011517717  -0.0002516585   0.0007041484  -0.0119387211
       -0.0122753172  -0.0003337692   0.0045853938   0.0050914286  -0.0684478070
        0.0137307650  -0.0159366352   0.5338011737   0.0168317648  -0.0240115943
       -0.0138681761  -0.0002721637   0.0000903054   0.0006503913  -0.0036780458
        0.0012182482  -0.0012292138  -0.0008894577   0.0009246315   0.0005990734
       -0.0000068421   0.0000331900  -0.0001198051   0.0001034748  -0.0000094120
       -0.0000614871  -0.0037314053   0.0000467671  -0.0014689981  -0.0008215583
       -0.0008718132   0.0003868965   0.0183342903   0.0239192382  -0.0041116530
       -0.0054982592  -0.0096206523   0.0005153788  -0.1056428914   0.0211688516
       -0.1239615741   0.0628986751   0.0329200565  -0.2453757449
       -0.0607288353  -0.0109352124   0.0599802848   0.0039786248   0.0038614616
       -0.0245872709   0.0008768122   0.0006144727  -0.0008215592  -0.0000188101
       -0.0000962480   0.0000184068   0.0004737505  -0.0005772054  -0.0004838515
       -0.0061142244   0.0009288465   0.0168317648   0.0728155360   0.0086783176
       -0.0688120083  -0.0067230655  -0.0058781275   0.0199472871   0.0007653979
       -0.0001766479  -0.0002261065  -0.0037279849   0.0007625497  -0.0039847879
       -0.0003293458  -0.0002134667   0.0001327492   0.0001193874   0.0000850084
        0.0001907690  -0.0000472143   0.0000244164  -0.0000129604  -0.0001908502
        0.0000499579   0.0000324781   0.0003464956   0.0000698370  -0.0001550329
       -0.0001024871  -0.0002172632  -0.0001065572  -0.0000199891  -0.0002625385
        0.0004140392  -0.0013731977   0.0032818418   0.0016423557
       -0.0109218601  -0.0491140041   0.0303199270  -0.0000819515  -0.0004867839
        0.0059028465  -0.0000961291   0.0004326127  -0.0008718139  -0.0001294660
       -0.0001329080  -0.0000592440   0.0006699334   0.0009491783  -0.0010301887
        0.0086454709   0.0006471287  -0.0240115943   0.0086783176   0.0569785376
       -0.0349405002  -0.0100423467  -0.0060984593   0.0256953158  -0.0000433429
       -0.0000647451   0.0004636822   0.0011787558   0.0005022786   0.0007901990
       -0.0002571852   0.0001709924  -0.0000773460  -0.0000557791  -0.0001437421
        0.0000226422   0.0000255438  -0.0000317521   0.0000038195   0.0000499578
       -0.0001125851   0.0001669143  -0.0001021428  -0.0005061841   0.0002474257
       -0.0000501378   0.0001910905   0.0002128973  -0.0003749272   0.0006573303
       -0.0001639442   0.0029072891  -0.0038379853  -0.0026710381
        0.0600200289   0.0303707063  -0.2482363358   0.0008488187   0.0042091357
       -0.0228389842   0.0009372340   0.0002343289   0.0003868967  -0.0000949103
       -0.0002121589  -0.0002671471  -0.0001384072   0.0007469296   0.0002608575
        0.0064076058  -0.0017251228  -0.0138681761  -0.0688120083  -0.0349405002
        0.2901578234   0.0034435722   0.0030306842  -0.0055350703   0.0003410090
        0.0001003324   0.0005945055  -0.0039069111   0.0008376290  -0.0025558222
       -0.0006609463  -0.0004289510   0.0004653777   0.0002743423   0.0001130878
        0.0003574048  -0.0000138312   0.0000021152   0.0000219603   0.0000324780
        0.0001669143   0.0002474121  -0.0002365121  -0.0005924409   0.0004686297
       -0.0000774487   0.0002810135   0.0002477784  -0.0000854809   0.0002930634
        0.0006600610   0.0017213672  -0.0024867663  -0.0005671713
       -0.1225669474  -0.1099666943   0.0094230382  -0.0198657293  -0.0203620891
       -0.0012239410  -0.0046717030   0.0010449106  -0.0037314058   0.0000637593
        0.0002265590   0.0001082631  -0.0004718291   0.0023495457   0.0009616263
        0.0075350532   0.0114410881  -0.0002721637  -0.0067230655  -0.0100423467
        0.0034435722   0.1453491851   0.1254713617  -0.0086193810   0.0000887097
       -0.0001816202   0.0004317813   0.0007786548  -0.0001552340   0.0002960931
        0.0002534927   0.0003335740  -0.0002252185  -0.0011086627  -0.0012629638
       -0.0002509491   0.0000778024   0.0000956366   0.0000375114  -0.0000472143
        0.0000255438  -0.0000138312  -0.0000638949   0.0001189883  -0.0000802875
        0.0003204131   0.0006853773  -0.0000131150   0.0006174911   0.0001408714
        0.0000730941   0.0004344849   0.0000374915  -0.0003446868
       -0.1099613624  -0.1888773175   0.0115294244   0.0000924479   0.0020509855
       -0.0004655209   0.0000914627   0.0009577183   0.0000467667   0.0002254899
        0.0002694002   0.0001667980   0.0034942826  -0.0046937303  -0.0021829927
       -0.0130575178  -0.0260582063   0.0000903054  -0.0058781275  -0.0060984593
        0.0030306842   0.1254713617   0.2217048925  -0.0120346141   0.0000816648
        0.0006074391   0.0001406727   0.0001723764   0.0001896230  -0.0002838067
        0.0001967459   0.0000604679  -0.0001061119   0.0001018254  -0.0000028469
       -0.0000224252   0.0000956367   0.0001568972   0.0000501384   0.0000244164
       -0.0000317522   0.0000021152   0.0002829431   0.0003187683  -0.0002364663
       -0.0008482982  -0.0014879916  -0.0001790394  -0.0001528425   0.0002635321
        0.0004298106  -0.0004325050   0.0006705802   0.0000242618
        0.0094625882   0.0115827498  -0.0463708455  -0.0127312548  -0.0130678747
       -0.0000568668  -0.0030026267   0.0005130144  -0.0014689984   0.0000953003
        0.0001482742  -0.0000126176   0.0009951799  -0.0015962532  -0.0000184921
       -0.0048111034  -0.0093361512   0.0006503913   0.0199472871   0.0256953158
       -0.0055350703  -0.0086193810  -0.0120346141   0.0516410902   0.0004676733
       -0.0000692992   0.0002640342  -0.0002245125  -0.0005858998   0.0003177282
       -0.0001432174  -0.0000100420   0.0000173763  -0.0006321210  -0.0007164863
        0.0000791707   0.0000375113   0.0000501382   0.0000037680  -0.0000129605
        0.0000038194   0.0000219604  -0.0000388436  -0.0001678903   0.0000762172
       -0.0003020203  -0.0004087977   0.0001351121  -0.0000896435   0.0004673567
        0.0000773531  -0.0003978555  -0.0004673600   0.0001786890
       -0.0170397286   0.0214119271   0.0063176318  -0.0989334873   0.0912527431
        0.0412290131   0.0073632455  -0.0144354431  -0.0054982573  -0.0012326269
       -0.0030165017   0.0001402010   0.0000118754  -0.0002135549   0.0000164754
       -0.0045882168   0.0009420649  -0.0036780458   0.0007653979  -0.0000433429
        0.0003410090   0.0000887097   0.0000816648   0.0004676733   0.1183061641
       -0.1047590706  -0.0450099778  -0.0053284319   0.0087501920   0.0065249510
        0.0004962566   0.0000925059  -0.0003280693   0.0006171139  -0.0001712602
       -0.0000271521   0.0003204130  -0.0008482983  -0.0003020204  -0.0001024872
       -0.0000501377  -0.0000774486  -0.0000517963  -0.0000145234  -0.0000215651
        0.0000560438  -0.0000887423   0.0000005090  -0.0009469572   0.0013633097
        0.0002203829   0.0001985126  -0.0002535326  -0.0003153100
        0.0059724551  -0.0055503507  -0.0012911070   0.0912372840  -0.1858606450
       -0.0622499805   0.0099143390  -0.0257663402  -0.0096206476  -0.0040878289
       -0.0046031411   0.0002645275  -0.0002077748   0.0003926036  -0.0000356536
        0.0015927760   0.0006287646   0.0012182482  -0.0001766479  -0.0000647451
        0.0001003324  -0.0001816202   0.0006074391  -0.0000692992  -0.1047590706
        0.2182727203   0.0724075119  -0.0004201672   0.0024854101  -0.0004638721
        0.0005421167   0.0003929621   0.0001080007   0.0001592842   0.0005326353
       -0.0002618039   0.0006853773  -0.0014879917  -0.0004087977  -0.0002172634
        0.0001910905   0.0002810137  -0.0000161275  -0.0000208164  -0.0000147100
       -0.0000887423   0.0001913033   0.0000154642   0.0002042608  -0.0004020937
       -0.0001220942  -0.0001526504   0.0000611949   0.0001428671
       -0.0100654558   0.0129498975   0.0047024638   0.0412605322  -0.0623076680
       -0.0730182528  -0.0001431040  -0.0002395366   0.0005153806  -0.0002926340
       -0.0002949171   0.0006467180   0.0000075569  -0.0000186952  -0.0000842382
       -0.0027166233   0.0006548348  -0.0012292138  -0.0002261065   0.0004636822
        0.0005945055   0.0004317813   0.0001406727   0.0002640342  -0.0450099778
        0.0724075119   0.0821108497   0.0178699506  -0.0247656625  -0.0155033788
       -0.0001602026   0.0005931376   0.0004042819  -0.0000782998  -0.0002890486
       -0.0001889207  -0.0000131151  -0.0001790393   0.0001351122  -0.0001065572
        0.0002128970   0.0002477785  -0.0000210564  -0.0000187924   0.0000127491
        0.0000005091   0.0000154640  -0.0000061708  -0.0005297735   0.0006387957
        0.0003170541  -0.0002074241   0.0000364664   0.0000792473
        0.0039881574   0.0045591110  -0.0244916110  -0.0604842339  -0.0089045333
        0.0606634783  -0.0076413543  -0.0068595698   0.0183342925   0.0004816815
        0.0007307455  -0.0001103177   0.0000054517   0.0000600674   0.0000546103
        0.0008089451  -0.0003655634  -0.0008894577  -0.0037279849   0.0011787558
       -0.0039069111   0.0007786548   0.0001723764  -0.0002245125  -0.0053284319
       -0.0004201672   0.0178699506   0.0733728051   0.0134882724  -0.0683980782
       -0.0021818249  -0.0039642219   0.0005592758   0.0000544550   0.0001692393
        0.0005095466  -0.0000638950   0.0002829434  -0.0000388437   0.0003464959
       -0.0001021429  -0.0002365124  -0.0002007305  -0.0000363153  -0.0000096830
       -0.0000517964  -0.0000161275  -0.0000210563   0.0001034447  -0.0001683496
        0.0001304721  -0.0002598394   0.0001954796   0.0002053575
       -0.0006121400  -0.0003908903   0.0054218984  -0.0089352568  -0.0512322227
        0.0354019416  -0.0100199513  -0.0075805893   0.0239192367  -0.0005217503
        0.0007506722   0.0012574172   0.0001275361  -0.0002612401   0.0000597455
       -0.0002831654   0.0002793473   0.0009246315   0.0007625497   0.0005022786
        0.0008376290  -0.0001552340   0.0001896230  -0.0005858998   0.0087501920
        0.0024854101  -0.0247656625   0.0134882724   0.0591142197  -0.0422490984
       -0.0036376989  -0.0042906632   0.0009885662   0.0004576131   0.0006371416
        0.0001135418   0.0001189881   0.0003187684  -0.0001678903   0.0000698368
       -0.0005061847  -0.0005924413  -0.0000363153   0.0000512705  -0.0002421083
       -0.0000145234  -0.0000208165  -0.0000187926  -0.0000642254  -0.0000149309
       -0.0001869752   0.0005052725  -0.0000311936  -0.0001157395
        0.0007470772   0.0041335331  -0.0229418079   0.0606951709   0.0353384223
       -0.2463582404   0.0034203163   0.0031189527  -0.0041116573  -0.0004217893
       -0.0005226322   0.0004479429  -0.0000244132   0.0002286895  -0.0001620353
        0.0008688816  -0.0003875689   0.0005990734  -0.0039847879   0.0007901990
       -0.0025558222   0.0002960931  -0.0002838067   0.0003177282   0.0065249510
       -0.0004638721  -0.0155033788  -0.0683980782  -0.0422490984   0.2874594125
        0.0007405296   0.0007892074   0.0006930728   0.0000313433  -0.0002809683
        0.0006074662  -0.0000802876  -0.0002364666   0.0000762173  -0.0001550331
        0.0002474255   0.0004686301  -0.0000096829  -0.0002421082   0.0001007060
       -0.0000215651  -0.0000147100   0.0000127491   0.0002479723  -0.0002842955
        0.0002465862  -0.0004766980   0.0003190974   0.0006033571
        0.0004596188  -0.0000977312   0.0012791713  -0.0074937274  -0.0062466677
        0.0182226216  -0.0655928176  -0.0099093658   0.0628986370  -0.0059581166
        0.0003771194   0.0165144933   0.0003840731  -0.0003298489   0.0011708466
       -0.0003451264   0.0000242653  -0.0000068421  -0.0003293458  -0.0002571852
       -0.0006609463   0.0002534927   0.0001967459  -0.0001432174   0.0004962566
        0.0005421167  -0.0001602026  -0.0021818249  -0.0036376989   0.0007405296
        0.0753198262   0.0123009437  -0.0754317516   0.0058356534   0.0041920599
       -0.0248202111   0.0004344844  -0.0004325047  -0.0003978553  -0.0013731975
        0.0029072884   0.0017213677  -0.0002598394   0.0005052727  -0.0004766978
        0.0001985126  -0.0001526504  -0.0002074240  -0.0000083879   0.0000004122
       -0.0000185622   0.0001604657   0.0000174286  -0.0002239567
        0.0006247439   0.0005251741   0.0004542194  -0.0106567291  -0.0076414007
        0.0239174827  -0.0098931583  -0.0470945804   0.0329200625   0.0093424825
        0.0006822782  -0.0239340831  -0.0004204803   0.0005739683  -0.0006539336
       -0.0000080962   0.0000551127   0.0000331900  -0.0002134667   0.0001709924
       -0.0004289510   0.0003335740   0.0000604679  -0.0000100420   0.0000925059
        0.0003929621   0.0005931376  -0.0039642219  -0.0042906632   0.0007892074
        0.0123009437   0.0598140076  -0.0370978855  -0.0008156005   0.0001745724
        0.0060590560   0.0000374911   0.0006705799  -0.0004673595   0.0032818413
       -0.0038379850  -0.0024867666   0.0001954798  -0.0000311939   0.0003190974
       -0.0002535326   0.0000611950   0.0000364665  -0.0000012053  -0.0000652946
       -0.0000141845   0.0000174287  -0.0002201930  -0.0000287136
       -0.0004941330  -0.0006240958   0.0006884514   0.0031130753   0.0034727452
       -0.0042001419   0.0628186082   0.0329263247  -0.2453757809   0.0063001992
       -0.0020080799  -0.0140587248  -0.0006088248   0.0006353103   0.0007146071
        0.0001862270   0.0000213160  -0.0001198051   0.0001327492  -0.0000773460
        0.0004653777  -0.0002252185  -0.0001061119   0.0000173763  -0.0003280693
        0.0001080007   0.0004042819   0.0005592758   0.0009885662   0.0006930728
       -0.0754317516  -0.0370978855   0.2848132010   0.0030287141   0.0044236541
       -0.0243597807  -0.0003446867   0.0000242619   0.0001786888   0.0016423558
       -0.0026710382  -0.0005671721   0.0002053574  -0.0001157397   0.0006033573
       -0.0003153101   0.0001428672   0.0000792474  -0.0000146113  -0.0000140360
        0.0000128331  -0.0002239567  -0.0000287135   0.0000109106
       -0.0022093590  -0.0042377555   0.0002721305  -0.0187818241  -0.0009851148
       -0.0123191692  -0.1876375217   0.0276285611  -0.1056428899  -0.0157845695
        0.0065431490  -0.0092943112  -0.0013652983   0.0036399167   0.0015733868
        0.0004581459  -0.0000501668   0.0001034748   0.0001193874  -0.0000557791
        0.0002743423  -0.0011086627   0.0001018254  -0.0006321210   0.0006171139
        0.0001592842  -0.0000782998   0.0000544550   0.0004576131   0.0000313433
        0.0058356534  -0.0008156005   0.0030287141   0.2198483540  -0.0319723587
        0.1230835404   0.0006174914  -0.0001528425  -0.0000896437  -0.0000199890
       -0.0003749272  -0.0000854807   0.0001034447  -0.0000642254   0.0002479723
       -0.0009469574   0.0002042608  -0.0005297734   0.0002085239  -0.0000246344
        0.0000713956  -0.0000083878  -0.0000012054  -0.0000146112
       -0.0034145398  -0.0036863594   0.0001583108  -0.0211691886   0.0009363255
       -0.0138548023   0.0276406940  -0.0462019224   0.0211688416   0.0218574881
       -0.0069570633   0.0131542416   0.0030525523  -0.0041054990  -0.0019063872
       -0.0000558017  -0.0000754506  -0.0000094120   0.0000850084  -0.0001437421
        0.0001130878  -0.0012629638  -0.0000028469  -0.0007164863  -0.0001712602
        0.0005326353  -0.0002890486   0.0001692393   0.0006371416  -0.0002809683
        0.0041920599   0.0001745724   0.0044236541  -0.0319723587   0.0584373964
       -0.0230580499   0.0001408715   0.0002635324   0.0004673568  -0.0002625386
        0.0006573302   0.0002930632  -0.0001683496  -0.0000149309  -0.0002842955
        0.0013633097  -0.0004020939   0.0006387955  -0.0000246344   0.0000162695
       -0.0000038654   0.0000004123  -0.0000652947  -0.0000140359
       -0.0002936732  -0.0006508754   0.0007048380  -0.0011439163  -0.0005372715
       -0.0000404450  -0.1057164715   0.0211733176  -0.1239615324   0.0066048763
       -0.0017486341   0.0048534332   0.0008509906  -0.0010167229   0.0002797620
        0.0001218287  -0.0000115221  -0.0000614871   0.0001907690   0.0000226422
        0.0003574048  -0.0002509491  -0.0000224252   0.0000791707  -0.0000271521
       -0.0002618039  -0.0001889207   0.0005095466   0.0001135418   0.0006074662
       -0.0248202111   0.0060590560  -0.0243597807   0.1230835404  -0.0230580499
        0.1404019345   0.0000730941   0.0004298107   0.0000773535   0.0004140390
       -0.0001639439   0.0006600605   0.0001304720  -0.0001869752   0.0002465861
        0.0002203832  -0.0001220943   0.0003170540   0.0000713955  -0.0000038654
        0.0000142694  -0.0000185622  -0.0000141845   0.0000128330
        0.0000637594   0.0002265594   0.0001082632  -0.0004718288   0.0023495458
        0.0009616266   0.0075350531   0.0114410877  -0.0002721635  -0.1225669471
       -0.1099667020   0.0094230311  -0.0198657295  -0.0203620901  -0.0012239424
       -0.0046717022   0.0010449117  -0.0037314053  -0.0000472143   0.0000255438
       -0.0000138312   0.0000778024   0.0000956367   0.0000375113   0.0003204130
        0.0006853773  -0.0000131151  -0.0000638950   0.0001189881  -0.0000802876
        0.0004344844   0.0000374911  -0.0003446867   0.0006174914   0.0001408715
        0.0000730941   0.1453491827   0.1254713694  -0.0086193728  -0.0067230643
       -0.0100423462   0.0034435716   0.0007786552  -0.0001552342   0.0002960931
        0.0000887097  -0.0001816202   0.0004317812  -0.0011086626  -0.0012629637
       -0.0002509493   0.0002534926   0.0003335739  -0.0002252183
        0.0002254900   0.0002693999   0.0001667980   0.0034942819  -0.0046937311
       -0.0021829938  -0.0130575169  -0.0260582039   0.0000903048  -0.1099613700
       -0.1888773353   0.0115294151   0.0000924488   0.0020509867  -0.0004655210
        0.0000914633   0.0009577183   0.0000467671   0.0000244164  -0.0000317521
        0.0000021152   0.0000956366   0.0001568972   0.0000501382  -0.0008482983
       -0.0014879917  -0.0001790393   0.0002829434   0.0003187684  -0.0002364666
       -0.0004325047   0.0006705799   0.0000242619  -0.0001528425   0.0002635324
        0.0004298107   0.1254713694   0.2217049106  -0.0120346043  -0.0058781296
       -0.0060984625   0.0030306848   0.0001723765   0.0001896234  -0.0002838067
        0.0000816645   0.0006074389   0.0001406728   0.0001018254  -0.0000028467
       -0.0000224252   0.0001967459   0.0000604677  -0.0001061118
        0.0000953004   0.0001482743  -0.0000126179   0.0009951804  -0.0015962531
       -0.0000184925  -0.0048111055  -0.0093361542   0.0006503912   0.0094625811
        0.0115827400  -0.0463708422  -0.0127312538  -0.0130678736  -0.0000568679
       -0.0030026266   0.0005130144  -0.0014689981  -0.0000129604   0.0000038195
        0.0000219603   0.0000375114   0.0000501384   0.0000037680  -0.0003020204
       -0.0004087977   0.0001351122  -0.0000388437  -0.0001678903   0.0000762173
       -0.0003978553  -0.0004673595   0.0001786888  -0.0000896437   0.0004673568
        0.0000773535  -0.0086193728  -0.0120346043   0.0516410873   0.0199472865
        0.0256953166  -0.0055350690  -0.0002245126  -0.0005859001   0.0003177284
        0.0004676733  -0.0000692990   0.0002640341  -0.0006321209  -0.0007164862
        0.0000791704  -0.0001432175  -0.0000100421   0.0000173761
       -0.0000188101  -0.0000962479   0.0000184070   0.0004737504  -0.0005772059
       -0.0004838518  -0.0061142220   0.0009288443   0.0168317647  -0.0607288308
       -0.0109352159   0.0599802733   0.0039786241   0.0038614653  -0.0245872717
        0.0008768126   0.0006144723  -0.0008215583  -0.0001908502   0.0000499578
        0.0000324780  -0.0000472143   0.0000244164  -0.0000129605  -0.0001024872
       -0.0002172634  -0.0001065572   0.0003464959   0.0000698368  -0.0001550331
       -0.0013731975   0.0032818413   0.0016423558  -0.0000199890  -0.0002625386
        0.0004140390  -0.0067230643  -0.0058781296   0.0199472865   0.0728155277
        0.0086783229  -0.0688119951  -0.0037279850   0.0007625502  -0.0039847880
        0.0007653978  -0.0001766479  -0.0002261070   0.0001193875   0.0000850083
        0.0001907689  -0.0003293456  -0.0002134664   0.0001327493
       -0.0001294661  -0.0001329081  -0.0000592440   0.0006699341   0.0009491781
       -0.0010301901   0.0086454675   0.0006471309  -0.0240115926  -0.0109218640
       -0.0491140108   0.0303199449  -0.0000819512  -0.0004867850   0.0059028479
       -0.0000961289   0.0004326129  -0.0008718132   0.0000499579  -0.0001125851
        0.0001669143   0.0000255438  -0.0000317522   0.0000038194  -0.0000501377
        0.0001910905   0.0002128970  -0.0001021429  -0.0005061847   0.0002474255
        0.0029072884  -0.0038379850  -0.0026710382  -0.0003749272   0.0006573302
       -0.0001639439  -0.0100423462  -0.0060984625   0.0256953166   0.0086783229
        0.0569785469  -0.0349405219   0.0011787561   0.0005022787   0.0007901994
       -0.0000433428  -0.0000647452   0.0004636825  -0.0000557791  -0.0001437419
        0.0000226422  -0.0002571847   0.0001709924  -0.0000773459
       -0.0000949104  -0.0002121588  -0.0002671473  -0.0001384069   0.0007469304
        0.0002608579   0.0064076055  -0.0017251221  -0.0138681798   0.0600200168
        0.0303707243  -0.2482363262   0.0008488178   0.0042091384  -0.0228389813
        0.0009372335   0.0002343282   0.0003868965   0.0000324781   0.0001669143
        0.0002474121  -0.0000138312   0.0000021152   0.0000219604  -0.0000774486
        0.0002810137   0.0002477785  -0.0002365124  -0.0005924413   0.0004686301
        0.0017213677  -0.0024867666  -0.0005671721  -0.0000854807   0.0002930632
        0.0006600605   0.0034435716   0.0030306848  -0.0055350690  -0.0688119951
       -0.0349405219   0.2901578134  -0.0039069107   0.0008376290  -0.0025558214
        0.0003410090   0.0001003324   0.0005945055   0.0002743422   0.0001130877
        0.0003574047  -0.0006609462  -0.0004289507   0.0004653774
        0.0004816812   0.0007307448  -0.0001103179   0.0000054519   0.0000600676
        0.0000546102   0.0008089445  -0.0003655635  -0.0008894580   0.0039881561
        0.0045591162  -0.0244916107  -0.0604842249  -0.0089045411   0.0606634563
       -0.0076413553  -0.0068595742   0.0183342903   0.0003464956  -0.0001021428
       -0.0002365121  -0.0000638949   0.0002829431  -0.0000388436  -0.0000517963
       -0.0000161275  -0.0000210564  -0.0002007305  -0.0000363153  -0.0000096829
       -0.0002598394   0.0001954798   0.0002053574   0.0001034447  -0.0001683496
        0.0001304720   0.0007786552   0.0001723765  -0.0002245126  -0.0037279850
        0.0011787561  -0.0039069107   0.0733727985   0.0134882856  -0.0683980557
       -0.0053284313  -0.0004201717   0.0178699512   0.0000544547   0.0001692388
        0.0005095475  -0.0021818248  -0.0039642226   0.0005592757
       -0.0005217497   0.0007506722   0.0012574161   0.0001275361  -0.0002612399
        0.0000597456  -0.0002831653   0.0002793471   0.0009246315  -0.0006121404
       -0.0003908922   0.0054219011  -0.0089352656  -0.0512322390   0.0354019821
       -0.0100199536  -0.0075805952   0.0239192382   0.0000698370  -0.0005061841
       -0.0005924409   0.0001189883   0.0003187683  -0.0001678903  -0.0000145234
       -0.0000208164  -0.0000187924  -0.0000363153   0.0000512705  -0.0002421082
        0.0005052727  -0.0000311939  -0.0001157397  -0.0000642254  -0.0000149309
       -0.0001869752  -0.0001552342   0.0001896234  -0.0005859001   0.0007625502
        0.0005022787   0.0008376290   0.0134882856   0.0591142371  -0.0422491459
        0.0087501890   0.0024854160  -0.0247656582   0.0004576133   0.0006371419
        0.0001135420  -0.0036376994  -0.0042906635   0.0009885655
       -0.0004217892  -0.0005226313   0.0004479423  -0.0000244132   0.0002286895
       -0.0001620351   0.0008688815  -0.0003875693   0.0005990733   0.0007470760
        0.0041335367  -0.0229418043   0.0606951506   0.0353384623  -0.2463582193
        0.0034203150   0.0031189517  -0.0041116530  -0.0001550329   0.0002474257
        0.0004686297  -0.0000802875  -0.0002364663   0.0000762172  -0.0000215651
       -0.0000147100   0.0000127491  -0.0000096830  -0.0002421083   0.0001007060
       -0.0004766978   0.0003190974   0.0006033573   0.0002479723  -0.0002842955
        0.0002465861   0.0002960931  -0.0002838067   0.0003177284  -0.0039847880
        0.0007901994  -0.0025558214  -0.0683980557  -0.0422491459   0.2874593873
        0.0065249520  -0.0004638677  -0.0155033843   0.0000313432  -0.0002809687
        0.0006074669   0.0007405288   0.0007892069   0.0006930736
       -0.0012326270  -0.0030165009   0.0001402004   0.0000118754  -0.0002135547
        0.0000164754  -0.0045882177   0.0009420653  -0.0036780453  -0.0170397308
        0.0214119265   0.0063176361  -0.0989334928   0.0912527329   0.0412290344
        0.0073632453  -0.0144354418  -0.0054982592  -0.0001024871  -0.0000501378
       -0.0000774487   0.0003204131  -0.0008482982  -0.0003020203   0.0000560438
       -0.0000887423   0.0000005091  -0.0000517964  -0.0000145234  -0.0000215651
        0.0001985126  -0.0002535326  -0.0003153101  -0.0009469574   0.0013633097
        0.0002203832   0.0000887097   0.0000816645   0.0004676733   0.0007653978
       -0.0000433428   0.0003410090  -0.0053284313   0.0087501890   0.0065249520
        0.1183061724  -0.1047590588  -0.0450100023   0.0006171133  -0.0001712600
       -0.0000271521   0.0004962571   0.0000925054  -0.0003280697
       -0.0040878291  -0.0046031403   0.0002645261  -0.0002077747   0.0003926037
       -0.0000356536   0.0015927768   0.0006287643   0.0012182482   0.0059724567
       -0.0055503517  -0.0012911089   0.0912372733  -0.1858605995  -0.0622500016
        0.0099143398  -0.0257663410  -0.0096206523  -0.0002172632   0.0001910905
        0.0002810135   0.0006853773  -0.0014879916  -0.0004087977  -0.0000887423
        0.0001913033   0.0000154640  -0.0000161275  -0.0000208165  -0.0000147100
       -0.0001526504   0.0000611950   0.0001428672   0.0002042608  -0.0004020939
       -0.0001220943  -0.0001816202   0.0006074389  -0.0000692990  -0.0001766479
       -0.0000647452   0.0001003324  -0.0004201717   0.0024854160  -0.0004638677
       -0.1047590588   0.2182726713   0.0724075368   0.0001592839   0.0005326348
       -0.0002618038   0.0005421172   0.0003929621   0.0001080007
       -0.0002926348  -0.0002949169   0.0006467183   0.0000075567  -0.0000186949
       -0.0000842378  -0.0027166230   0.0006548347  -0.0012292131  -0.0100654550
        0.0129498941   0.0047024657   0.0412605536  -0.0623076900  -0.0730182818
       -0.0001431014  -0.0002395419   0.0005153788  -0.0001065572   0.0002128973
        0.0002477784  -0.0000131150  -0.0001790394   0.0001351121   0.0000005090
        0.0000154642  -0.0000061708  -0.0000210563  -0.0000187926   0.0000127491
       -0.0002074240   0.0000364665   0.0000792474  -0.0005297734   0.0006387955
        0.0003170540   0.0004317812   0.0001406728   0.0002640341  -0.0002261070
        0.0004636825   0.0005945055   0.0178699512  -0.0247656582  -0.0155033843
       -0.0450100023   0.0724075368   0.0821108830  -0.0000782996  -0.0002890485
       -0.0001889213  -0.0001602027   0.0005931384   0.0004042826
       -0.0157845672   0.0065431492  -0.0092943146  -0.0013652980   0.0036399169
        0.0015733859   0.0004581457  -0.0000501668   0.0001034748  -0.0022093582
       -0.0042377553   0.0002721293  -0.0187818223  -0.0009851146  -0.0123191731
       -0.1876374567   0.0276285618  -0.1056428914  -0.0000199891  -0.0003749272
       -0.0000854809   0.0006174911  -0.0001528425  -0.0000896435  -0.0009469572
        0.0002042608  -0.0005297735   0.0001034447  -0.0000642254   0.0002479723
       -0.0000083879  -0.0000012053  -0.0000146113   0.0002085239  -0.0000246344
        0.0000713955  -0.0011086626   0.0001018254  -0.0006321209   0.0001193875
       -0.0000557791   0.0002743422   0.0000544547   0.0004576133   0.0000313432
        0.0006171133   0.0001592839  -0.0000782996   0.2198482797  -0.0319723585
        0.1230835440   0.0058356587  -0.0008156023   0.0030287218
        0.0218574845  -0.0069570635   0.0131542461   0.0030525519  -0.0041054989
       -0.0019063862  -0.0000558016  -0.0000754505  -0.0000094119  -0.0034145389
       -0.0036863590   0.0001583099  -0.0211691854   0.0009363261  -0.0138548059
        0.0276406951  -0.0462019278   0.0211688516  -0.0002625385   0.0006573303
        0.0002930634   0.0001408714   0.0002635321   0.0004673567   0.0013633097
       -0.0004020937   0.0006387957  -0.0001683496  -0.0000149309  -0.0002842955
        0.0000004122  -0.0000652946  -0.0000140360  -0.0000246344   0.0000162695
       -0.0000038654  -0.0012629637  -0.0000028467  -0.0007164862   0.0000850083
       -0.0001437419   0.0001130877   0.0001692388   0.0006371419  -0.0002809687
       -0.0001712600   0.0005326348  -0.0002890485  -0.0319723585   0.0584374011
       -0.0230580616   0.0041920588   0.0001745720   0.0044236550
        0.0066048715  -0.0017486330   0.0048534324   0.0008509902  -0.0010167223
        0.0002797627   0.0001218290  -0.0000115221  -0.0000614870  -0.0002936731
       -0.0006508761   0.0007048386  -0.0011439214  -0.0005372712  -0.0000404485
       -0.1057164735   0.0211733271  -0.1239615741   0.0004140392  -0.0001639442
        0.0006600610   0.0000730941   0.0004298106   0.0000773531   0.0002203829
       -0.0001220942   0.0003170541   0.0001304721  -0.0001869752   0.0002465862
       -0.0000185622  -0.0000141845   0.0000128331   0.0000713956  -0.0000038654
        0.0000142694  -0.0002509493  -0.0000224252   0.0000791704   0.0001907689
        0.0000226422   0.0003574047   0.0005095475   0.0001135420   0.0006074669
       -0.0000271521  -0.0002618038  -0.0001889213   0.1230835440  -0.0230580616
        0.1404019828  -0.0248202034   0.0060590567  -0.0243597845
       -0.0059581212   0.0003771200   0.0165144951   0.0003840730  -0.0003298488
        0.0011708465  -0.0003451262   0.0000242653  -0.0000068421   0.0004596187
       -0.0000977310   0.0012791706  -0.0074937322  -0.0062466701   0.0182226230
       -0.0655928472  -0.0099093717   0.0628986751  -0.0013731977   0.0029072891
        0.0017213672   0.0004344849  -0.0004325050  -0.0003978555   0.0001985126
       -0.0001526504  -0.0002074241  -0.0002598394   0.0005052725  -0.0004766980
        0.0001604657   0.0000174287  -0.0002239567  -0.0000083878   0.0000004123
       -0.0000185622   0.0002534926   0.0001967459  -0.0001432175  -0.0003293456
       -0.0002571847  -0.0006609462  -0.0021818248  -0.0036376994   0.0007405288
        0.0004962571   0.0005421172  -0.0001602027   0.0058356587   0.0041920588
       -0.0248202034   0.0753198590   0.0123009514  -0.0754317979
        0.0093424883   0.0006822767  -0.0239340820  -0.0004204801   0.0005739679
       -0.0006539337  -0.0000080961   0.0000551128   0.0000331901   0.0006247434
        0.0005251738   0.0004542190  -0.0106567347  -0.0076414036   0.0239174805
       -0.0098931637  -0.0470945788   0.0329200565   0.0032818418  -0.0038379853
       -0.0024867663   0.0000374915   0.0006705802  -0.0004673600  -0.0002535326
        0.0000611949   0.0000364664   0.0001954796  -0.0000311936   0.0003190974
        0.0000174286  -0.0002201930  -0.0000287135  -0.0000012054  -0.0000652947
       -0.0000141845   0.0003335739   0.0000604677  -0.0000100421  -0.0002134664
        0.0001709924  -0.0004289507  -0.0039642226  -0.0042906635   0.0007892069
        0.0000925054   0.0003929621   0.0005931384  -0.0008156023   0.0001745720
        0.0060590567   0.0123009514   0.0598140121  -0.0370978792
        0.0063002006  -0.0020080807  -0.0140587200  -0.0006088247   0.0006353100
        0.0007146070   0.0001862271   0.0000213161  -0.0001198051  -0.0004941322
       -0.0006240954   0.0006884512   0.0031130739   0.0034727442  -0.0042001368
        0.0628186459   0.0329263195  -0.2453757449   0.0016423557  -0.0026710381
       -0.0005671713  -0.0003446868   0.0000242618   0.0001786890  -0.0003153100
        0.0001428671   0.0000792473   0.0002053575  -0.0001157395   0.0006033571
       -0.0002239567  -0.0000287136   0.0000109106  -0.0000146112  -0.0000140359
        0.0000128330  -0.0002252183  -0.0001061118   0.0000173761   0.0001327493
       -0.0000773459   0.0004653774   0.0005592757   0.0009885655   0.0006930736
       -0.0003280697   0.0001080007   0.0004042826   0.0030287218   0.0044236550
       -0.0243597845  -0.0754317979  -0.0370978792   0.2848131578
