           1           2   1.00894659506109     
           2           3   1.00894659904412     
           3           4   1.00894659366877     
           4           5   1.00894659411925     
           1           6   1.00894659182327     
           5           6   1.00894659736226     
           1           7  0.977695710454428     
           1           8  0.978022720821019     
           2           9  0.978022717894282     
           2          10  0.977695707955949     
           3          11  0.977695707313394     
           3          12  0.978022718874389     
           4          13  0.978022720805047     
           4          14  0.977695709251117     
           5          15  0.977695710495588     
           5          16  0.978022718325501     
           6          17  0.978022718706003     
           6          18  0.977695710873184     
