           1           2   1.01926328384471     
           2           3  0.995653765474748     
           3           4  0.998496971131460     
           4           5   1.00775615911121     
           5           6   1.00913736849927     
           6           7   1.00900408294455     
           3           8  0.996702913293415     
           7           8   1.00814512314478     
           1           9  0.987730835676553     
           1          10  0.985711281609454     
           1          11  0.987273588958232     
           2          12  0.977694193917243     
           2          13  0.976915239751484     
           3          14  0.967047565777529     
           4          15  0.974424955288956     
           4          16  0.976465588783844     
           5          17  0.977721400647151     
           5          18  0.977743171816023     
           6          19  0.977867646578971     
           6          20  0.977641665013838     
           7          21  0.977687730573774     
           7          22  0.977634654408385     
           8          23  0.976740502099736     
           8          24  0.976737602530749     
