$hessian                                                                        
        0.4890432960   0.0319617727   0.0063338679  -0.1267143128   0.0669369215
        0.0153402132  -0.0249083824   0.0164671395   0.0062996384   0.0003555390
       -0.0001279440  -0.0000879925   0.0000531806   0.0002386188   0.0001455590
       -0.0000263957  -0.0000215323   0.0000665896  -0.0009213104   0.0010443809
        0.0004927559  -0.0047438646  -0.0019367783   0.0006372813  -0.0435830940
        0.0009477497  -0.0031593043  -0.0523335606  -0.0244745650  -0.0410843085
       -0.2348336503  -0.0954594133   0.0154994850  -0.0032498213   0.0051756727
       -0.0005304807   0.0027284042  -0.0018121646   0.0005733557   0.0009213809
        0.0009624562  -0.0006603996  -0.0010976976   0.0001848435   0.0000889029
       -0.0002461951   0.0000995346  -0.0000494257  -0.0000192993   0.0000508628
       -0.0000105764  -0.0000007222   0.0000077667   0.0000086875  -0.0000182878
        0.0000242461   0.0000068200   0.0000111481  -0.0000099475   0.0000417592
        0.0000235434   0.0000493365  -0.0000401024  -0.0004239245  -0.0001364450
        0.0000806324  -0.0000303871  -0.0000757262   0.0000555019   0.0000144136
       -0.0000967861  -0.0000484597
        0.0319617727   0.4940872690  -0.0052770730   0.0646342767  -0.1349556789
       -0.0163890262  -0.0026943933   0.0069954949   0.0013870410   0.0001220035
       -0.0000385176   0.0000594142  -0.0000032891   0.0001074777  -0.0000767294
        0.0000096357  -0.0000603394   0.0000371178  -0.0003348489   0.0003988565
        0.0001202454  -0.0018541004  -0.0002014557   0.0004232308   0.0012600314
       -0.1449119083   0.1171947406  -0.0241211191  -0.0997302084  -0.0982692243
       -0.0957435975  -0.0890419878   0.0085505046   0.0159259126  -0.0181574293
       -0.0009473599   0.0130219244  -0.0156234850  -0.0068573844  -0.0011009450
        0.0008445250  -0.0000322811  -0.0007184696  -0.0000297080   0.0000443494
       -0.0000787162   0.0000329023  -0.0000505887   0.0000341183   0.0000358384
        0.0000039263  -0.0000425778  -0.0000082268  -0.0000224175  -0.0000303377
        0.0000250130   0.0000227522  -0.0000079239   0.0000170698  -0.0000157488
        0.0000661463   0.0000158041   0.0000006401  -0.0001770867   0.0000230107
        0.0000391758  -0.0000939505   0.0001531081  -0.0001090695  -0.0000344659
        0.0000225756   0.0001637648
        0.0063338679  -0.0052770730   0.5244894691   0.0145574198  -0.0165079576
       -0.0717471015   0.0047323594  -0.0022141316  -0.0007112817   0.0002940456
       -0.0002110963   0.0000418216  -0.0000056925   0.0000141980  -0.0000024649
        0.0000150624  -0.0000014911  -0.0000050867   0.0002696807  -0.0002478759
        0.0000850956   0.0012889973   0.0004013575   0.0001549259  -0.0034626107
        0.1174721709  -0.1822849933  -0.0408512283  -0.0980774850  -0.2202104086
        0.0156646670   0.0086073988  -0.0463657222  -0.0154424472   0.0178651328
        0.0029838061   0.0168763574  -0.0210401310  -0.0067403266   0.0006295959
       -0.0006238422   0.0002181942  -0.0009580022  -0.0003163013   0.0000652745
        0.0000220151   0.0000824075   0.0000149599   0.0000196028   0.0000116614
       -0.0000033851  -0.0000301116  -0.0000100674  -0.0000304622   0.0000161081
        0.0000079916   0.0000184113   0.0000036517   0.0000177333  -0.0000150062
       -0.0000186273  -0.0000245394   0.0000041535   0.0000893211   0.0000293117
       -0.0000260049   0.0000624119  -0.0000401883  -0.0000769020  -0.0001064443
        0.0000828169   0.0001430343
       -0.1267143128   0.0646342767   0.0145574198   0.4549902139  -0.0024400263
        0.0147572643  -0.1580664522  -0.0440939701   0.0188835940  -0.0153754943
       -0.0086100196  -0.0032770882  -0.0004570212  -0.0010549019  -0.0020611741
       -0.0000483724  -0.0000286263  -0.0000746745  -0.0020612821   0.0028517036
        0.0012605711  -0.0255850943  -0.0021962851   0.0069667642  -0.0026193036
        0.0045938763  -0.0015810039   0.0036435442  -0.0015152913   0.0011624678
       -0.0246672360   0.0197263886   0.0056679592  -0.0426638040   0.0049399889
       -0.0086127354  -0.0577615205  -0.0325424060  -0.0506901857  -0.0029976972
       -0.0026703628   0.0021789526   0.0003110277   0.0004745750   0.0005693726
        0.0004881701   0.0001228375   0.0008063686  -0.0000695432   0.0000399372
       -0.0001082755  -0.0006043411  -0.0001879582   0.0001713493   0.0001759703
        0.0000619150  -0.0000607790  -0.0000567411  -0.0000573769   0.0000511853
       -0.0000470816   0.0001275190  -0.0000687055  -0.0010281103  -0.0003458341
        0.0001544048   0.0005314384  -0.0009486303  -0.0000158500   0.0006830432
       -0.0008813293  -0.0006372017
        0.0669369215  -0.1349556789  -0.0165079576  -0.0024400263   0.4927970308
       -0.0046301666  -0.0450216309  -0.0834309630   0.0111846727  -0.0139539618
       -0.0063315980  -0.0008339908  -0.0011298442  -0.0010166919  -0.0023467033
       -0.0000575902  -0.0000477051  -0.0001474792   0.0028171859  -0.0025083411
       -0.0013103304   0.0169537876   0.0051066815  -0.0043260614   0.0160056618
       -0.0189702688  -0.0001683000   0.0113023011  -0.0142661851  -0.0064096977
       -0.0064807185   0.0072362351   0.0014100098   0.0043053315  -0.1300214605
        0.1093783229  -0.0331126372  -0.1040452461  -0.0922809032  -0.0198550304
       -0.0109809733   0.0071350199   0.0000621851  -0.0001501507   0.0001998333
        0.0008377080   0.0005902802   0.0006269117   0.0000567692   0.0000884947
       -0.0000932264  -0.0007712921  -0.0002050182  -0.0000545756   0.0000792331
        0.0000370383   0.0000337666   0.0000272960  -0.0000737673   0.0000197265
        0.0000203417   0.0000084216  -0.0000809905   0.0012144437   0.0002259095
       -0.0003345787   0.0009365763   0.0005105013  -0.0004664113   0.0012669892
        0.0004034551   0.0000031093
        0.0153402132  -0.0163890262  -0.0717471015   0.0147572643  -0.0046301666
        0.5339037731   0.0168763556   0.0106637099  -0.0698539724  -0.0208837995
       -0.0090827795   0.0017014675  -0.0021032173  -0.0021540916  -0.0036862606
        0.0001615481  -0.0000422601  -0.0000663793   0.0013849345  -0.0014634352
       -0.0003129741   0.0094456866   0.0014984071  -0.0021209902  -0.0156690156
        0.0172859390   0.0030805950   0.0178867349  -0.0202867495  -0.0065599823
        0.0031477495  -0.0022180586  -0.0003429056  -0.0078554279   0.1090972622
       -0.1850764778  -0.0512281499  -0.0929598403  -0.1944874305   0.0200648843
        0.0115283662  -0.0058287441   0.0000296261  -0.0000776356   0.0005878028
       -0.0010749665  -0.0006072616   0.0004448139   0.0000247111  -0.0000520925
       -0.0000475111  -0.0013095774  -0.0006237988   0.0000196047   0.0000196836
        0.0000280749   0.0000269503  -0.0000281021  -0.0000005097  -0.0000527139
       -0.0000898755  -0.0000986426   0.0000715275   0.0006326309   0.0000297292
       -0.0000374237  -0.0006446919   0.0003415008   0.0004381004   0.0011148008
        0.0002133589  -0.0000537682
       -0.0249083824  -0.0026943933   0.0047323594  -0.1580664522  -0.0450216309
        0.0168763556   0.4679888168  -0.0001514942   0.0076177775  -0.0783800651
       -0.0164016957  -0.0386093525  -0.0165204432  -0.0138676559  -0.0210143877
        0.0029593022   0.0007804571  -0.0000708757  -0.0248097394   0.0168676312
        0.0104193190  -0.1045402508   0.0556068123   0.0222938707   0.0009511897
       -0.0009738405   0.0001485856   0.0006989537  -0.0005838760  -0.0003118946
       -0.0027677813   0.0027122728   0.0010082128  -0.0026665641  -0.0033496167
        0.0030094000  -0.0134279593  -0.0080267558  -0.0010719987  -0.0432672781
        0.0107414571  -0.0113472542   0.0058422714   0.0070755720   0.0133968246
       -0.0015729585  -0.0004478771  -0.0046257866   0.0007829598   0.0005657996
       -0.0005758388  -0.0053804423  -0.0024879463   0.0000663901   0.0004664292
        0.0000458412   0.0000682827  -0.0003033869   0.0001322669  -0.0001989070
        0.0009262535   0.0007174378  -0.0005018049  -0.0054618188  -0.0013877959
        0.0011889409  -0.0031927804   0.0055895251  -0.0002037378   0.0046501264
       -0.0054404947  -0.0022944804
        0.0164671395   0.0069954949  -0.0022141316  -0.0440939701  -0.0834309630
        0.0106637099  -0.0001514942   0.5027100507  -0.0352795727  -0.0160226122
       -0.0857860221  -0.0386953297  -0.0095349453  -0.0061045024  -0.0090034532
        0.0008408320   0.0002328939  -0.0002189549  -0.0005427937   0.0067362321
        0.0016395991   0.0545523876  -0.1321167421  -0.0256160163   0.0011329789
        0.0006485336  -0.0003321167  -0.0000170512   0.0003949138  -0.0001419987
        0.0040717467  -0.0024309749  -0.0010084918  -0.0184052699  -0.0107995844
        0.0066670353  -0.0153146850  -0.0081187012   0.0000287399   0.0104259015
       -0.1493696706   0.1084802675  -0.0066516765  -0.0122994847  -0.0218253328
        0.0069457185   0.0067812050   0.0171624424  -0.0002088842   0.0000059315
       -0.0006466129  -0.0023453244  -0.0002854594   0.0002455074   0.0000438327
       -0.0001605433  -0.0000649147   0.0000266925  -0.0000847230   0.0001283239
       -0.0012321703   0.0006313708   0.0004032730  -0.0028883025   0.0001697328
        0.0007043242   0.0156537211  -0.0221048528  -0.0037391112   0.0072482284
       -0.0122141351  -0.0073371854
        0.0062996384   0.0013870410  -0.0007112817   0.0188835940   0.0111846727
       -0.0698539724   0.0076177775  -0.0352795727   0.5010581461  -0.0381912462
       -0.0386822598  -0.1532618915  -0.0047814736  -0.0014201266   0.0024181706
       -0.0001680643  -0.0002164650   0.0000231924   0.0072011891  -0.0034784770
       -0.0018916766   0.0207756729  -0.0250248566  -0.0782672098  -0.0012053243
        0.0002088372   0.0003222085   0.0001169810   0.0000099237  -0.0002208333
        0.0007360466  -0.0005914646   0.0001728377   0.0216234168   0.0124892691
       -0.0066734389  -0.0215800452  -0.0117998235   0.0017621078  -0.0111528464
        0.1087928083  -0.1530592307  -0.0026524706  -0.0072504352  -0.0112201753
       -0.0102953336  -0.0060911360  -0.0258139146   0.0011585118   0.0007654416
        0.0007225605   0.0015251475   0.0007790218   0.0007645472   0.0001129139
       -0.0000652769  -0.0001564346  -0.0001064033   0.0001479167  -0.0001260255
        0.0004699480  -0.0004283688  -0.0000545154   0.0011316203   0.0004535297
        0.0004276934  -0.0118940156   0.0160301242   0.0051752843   0.0143747652
       -0.0219203230  -0.0115361484
        0.0003555390   0.0001220035   0.0002940456  -0.0153754943  -0.0139539618
       -0.0208837995  -0.0783800651  -0.0160226122  -0.0381912462   0.4759389435
       -0.0352877413  -0.0149543032  -0.1715973442  -0.0444263408   0.0212699918
       -0.0261111841  -0.0004600192   0.0077133496   0.0009333131  -0.0013310915
       -0.0011014209   0.0053282306   0.0065835050   0.0125719401  -0.0001924131
        0.0000107656  -0.0001582981  -0.0011173954  -0.0004506916  -0.0003336588
       -0.0000006969  -0.0000139805  -0.0002176337   0.0009490978   0.0007788380
       -0.0008648526  -0.0050979790  -0.0025788730  -0.0000976986  -0.0011849865
       -0.0013436008  -0.0048408831  -0.1196963811   0.1028141559   0.0412731437
       -0.0436315850   0.0110011440  -0.0086966032  -0.0024648049  -0.0029419793
        0.0027337869  -0.0156737186  -0.0076937742   0.0002659585  -0.0024982748
        0.0029009827   0.0016283807   0.0007003969  -0.0008566059  -0.0000204632
       -0.0000466910   0.0000151452   0.0002237342   0.0000946042  -0.0001552528
       -0.0001963126   0.0003944288  -0.0000616342   0.0004145532  -0.0016255400
        0.0033516196   0.0021682897
       -0.0001279440  -0.0000385176  -0.0002110963  -0.0086100196  -0.0063315980
       -0.0090827795  -0.0164016957  -0.0857860221  -0.0386822598  -0.0352877413
        0.5239683036  -0.0168818119  -0.0429896688  -0.0839743909   0.0108461347
        0.0176859725   0.0067264375  -0.0037239897  -0.0012262348   0.0012409483
        0.0007516900  -0.0041589805  -0.0140271815  -0.0216080925  -0.0000663151
       -0.0000434823   0.0000724298   0.0007193589   0.0001254176  -0.0002583189
        0.0000141354  -0.0000808704  -0.0000574962  -0.0001044988   0.0002412075
       -0.0009789416  -0.0024103711  -0.0007842037  -0.0004277287   0.0066727176
        0.0065109380   0.0167867535   0.1028791009  -0.1735661567  -0.0506113801
        0.0110321117  -0.1533199404   0.1119926156  -0.0213772477  -0.0106974152
        0.0070108133  -0.0130851631  -0.0053028016   0.0009020175   0.0039832394
       -0.0025306003  -0.0019669266   0.0009240618   0.0006947398  -0.0004628589
        0.0001047027  -0.0000498169  -0.0000658465  -0.0001282979   0.0000608049
        0.0001743589  -0.0005611188   0.0004019574  -0.0008817781   0.0025198961
       -0.0034377572  -0.0026355083
       -0.0000879925   0.0000594142   0.0000418216  -0.0032770882  -0.0008339908
        0.0017014675  -0.0386093525  -0.0386953297  -0.1532618915  -0.0149543032
       -0.0168818119   0.4886208496   0.0232744417   0.0114052953  -0.0709895031
        0.0110617334   0.0014113481  -0.0019804961  -0.0008641657   0.0007853545
        0.0007095851  -0.0005616315  -0.0117170076  -0.0136012100   0.0000090889
       -0.0000082695   0.0000230753   0.0002536672   0.0000271576  -0.0000894412
        0.0001567544  -0.0001080027   0.0000322933   0.0012418153   0.0007155000
        0.0009082919   0.0012435385   0.0007687207   0.0006140484  -0.0099657586
       -0.0070921192  -0.0251285294   0.0412615436  -0.0506133514  -0.0651645322
       -0.0088985316   0.1115373983  -0.1596830715   0.0201635714   0.0106362034
       -0.0060103558  -0.0231914012  -0.0101376919   0.0028261568   0.0017192066
       -0.0013200105  -0.0002131690  -0.0008831509   0.0003262725   0.0003360218
        0.0001164573   0.0001134998  -0.0002815206  -0.0001783543   0.0001648322
        0.0001486055  -0.0003856381   0.0012443093   0.0009285872   0.0013555501
       -0.0017877208  -0.0004870834
        0.0000531806  -0.0000032891  -0.0000056925  -0.0004570212  -0.0011298442
       -0.0021032173  -0.0165204432  -0.0095349453  -0.0047814736  -0.1715973442
       -0.0429896688   0.0232744417   0.4599319464   0.0072936434   0.0241388699
       -0.1126284741   0.0578897992   0.0240497973   0.0062076006  -0.0039398910
       -0.0000794344   0.0001774737   0.0006357997   0.0008922334  -0.0000589221
       -0.0000855532   0.0000181221   0.0001272527   0.0000028584  -0.0000109520
        0.0001366422   0.0000052847  -0.0000807196   0.0000069775   0.0000939732
       -0.0001681334  -0.0006902025  -0.0002382763   0.0001398004   0.0004137620
        0.0000813707   0.0007197120  -0.0233175109  -0.0054492933   0.0059237962
       -0.0023699810  -0.0031932206   0.0021088883  -0.0431544849   0.0092147094
       -0.0109707701  -0.0719415375  -0.0329387951  -0.0716513174  -0.0217790220
        0.0205216266   0.0103859314  -0.0030615041   0.0058511537   0.0005956222
        0.0003282028  -0.0004156322  -0.0001812847   0.0001675340  -0.0016613567
       -0.0023091202   0.0000264303  -0.0001441233  -0.0000107323  -0.0000005550
        0.0001336702   0.0001056325
        0.0002386188   0.0001074777   0.0000141980  -0.0010549019  -0.0010166919
       -0.0021540916  -0.0138676559  -0.0061045024  -0.0014201266  -0.0444263408
       -0.0839743909   0.0114052953   0.0072936434   0.4991523911  -0.0075531758
        0.0591840624  -0.1374242855  -0.0280543469   0.0066221966  -0.0144571811
       -0.0120595900   0.0008020695   0.0010493524   0.0011687017   0.0000030053
       -0.0000160839   0.0000156109  -0.0001612717  -0.0000556373   0.0000565113
        0.0000458346   0.0000706471   0.0000570449   0.0000739327   0.0000642311
       -0.0000931551  -0.0007243670  -0.0002567945  -0.0000984394   0.0007240390
        0.0005004693   0.0006792392   0.0199821138   0.0063809372  -0.0045673719
       -0.0209391985  -0.0108304783   0.0070668931   0.0091007327  -0.1584401573
        0.1119108957  -0.0329889076  -0.0788153146  -0.0733816522  -0.0046287237
        0.0062044309   0.0026060062   0.0155979517  -0.0218937292  -0.0046088666
       -0.0000187022   0.0008964723   0.0012221846  -0.0008804448  -0.0009885583
       -0.0025260617  -0.0000828387  -0.0003601496   0.0000711606   0.0001051523
        0.0002075458   0.0002431365
        0.0001455590  -0.0000767294  -0.0000024649  -0.0020611741  -0.0023467033
       -0.0036862606  -0.0210143877  -0.0090034532   0.0024181706   0.0212699918
        0.0108461347  -0.0709895031   0.0241388699  -0.0075531758   0.5337098723
        0.0250448814  -0.0279880794  -0.0792874700   0.0125784455  -0.0220623880
       -0.0137435935   0.0009526030   0.0011685977   0.0017573685  -0.0000176426
        0.0000132308  -0.0000361108  -0.0000506618   0.0000581094   0.0000895472
        0.0000154991   0.0000774689   0.0000568738   0.0000466810  -0.0000410244
       -0.0000541842  -0.0012847440  -0.0007459791  -0.0000226953  -0.0008540388
       -0.0005889375   0.0004473946   0.0099423007   0.0026522315  -0.0016491375
        0.0206482539   0.0106154824  -0.0058842534  -0.0108450635   0.1120411353
       -0.1560757739  -0.0717863051  -0.0734272382  -0.2064935142   0.0063019232
       -0.0052404382  -0.0021935562  -0.0121445099   0.0156305018   0.0056339160
        0.0006616409  -0.0008084979   0.0004562791  -0.0016670006  -0.0033255190
       -0.0044672900  -0.0000638415  -0.0001223488  -0.0000800195   0.0000427203
        0.0002276197   0.0000964051
       -0.0000263957   0.0000096357   0.0000150624  -0.0000483724  -0.0000575902
        0.0001615481   0.0029593022   0.0008408320  -0.0001680643  -0.0261111841
        0.0176859725   0.0110617334  -0.1126284741   0.0591840624   0.0250448814
        0.5146148677   0.0198124777  -0.0067627425  -0.0831484628  -0.0202692421
       -0.0421060036  -0.0172728183  -0.0145600161  -0.0218739951  -0.0000210627
       -0.0000174289   0.0000178056   0.0000317517  -0.0000051863  -0.0000382486
        0.0000639242  -0.0000274653  -0.0000512917   0.0000027329   0.0000639403
       -0.0000487311   0.0001256305   0.0000549384   0.0000624688  -0.0003152691
        0.0001335900  -0.0002013176  -0.0058778000  -0.0014036298   0.0013637423
        0.0008971532   0.0007148735  -0.0004819797  -0.0031089809   0.0055682608
       -0.0000346257   0.0053418104  -0.0055480196  -0.0025196112  -0.2280131163
       -0.0792840652   0.0412782444  -0.0472171402   0.0121857571  -0.0131633090
       -0.0012120264  -0.0004276185  -0.0044888738   0.0058705071   0.0074687702
        0.0134972706   0.0007631770   0.0005411469  -0.0006001592  -0.0056697539
       -0.0026639953   0.0000361960
       -0.0000215323  -0.0000603394  -0.0000014911  -0.0000286263  -0.0000477051
       -0.0000422601   0.0007804571   0.0002328939  -0.0002164650  -0.0004600192
        0.0067264375   0.0014113481   0.0578897992  -0.1374242855  -0.0279880794
        0.0198124777   0.4938666642  -0.0391194424  -0.0192386144  -0.0878458028
       -0.0422865775  -0.0099665352  -0.0063611659  -0.0096082593   0.0000169684
       -0.0000048107   0.0000018613   0.0000605430   0.0000082334  -0.0000063698
       -0.0000219347  -0.0000116399   0.0000072381  -0.0000305371   0.0000078770
        0.0000384416  -0.0000337018  -0.0000018911   0.0000119399  -0.0000026831
       -0.0000354476   0.0001002600  -0.0026659971   0.0003361366   0.0006870993
       -0.0010551034   0.0007503560   0.0003137716   0.0163411570  -0.0217585215
       -0.0046017442   0.0083605549  -0.0119691107  -0.0071180390  -0.0792456295
       -0.0771655538   0.0203686833   0.0122186444  -0.1539361126   0.1136714291
        0.0071227322   0.0071519607   0.0167446914  -0.0071092817  -0.0122196459
       -0.0218710714  -0.0001681220   0.0001051597  -0.0007122323  -0.0025550162
       -0.0003436862   0.0002152678
        0.0000665896   0.0000371178  -0.0000050867  -0.0000746745  -0.0001474792
       -0.0000663793  -0.0000708757  -0.0002189549   0.0000231924   0.0077133496
       -0.0037239897  -0.0019804961   0.0240497973  -0.0280543469  -0.0792874700
       -0.0067627425  -0.0391194424   0.4877153629  -0.0408573503  -0.0421883038
       -0.1582602410  -0.0049527291  -0.0017313332   0.0021620865  -0.0000080240
        0.0000211719  -0.0000138757  -0.0000045866  -0.0000070324   0.0000009477
        0.0000394518   0.0000031693   0.0000150621   0.0000270876   0.0000378393
       -0.0000174164  -0.0000474337   0.0000231748   0.0000002107  -0.0000763153
        0.0001345210  -0.0000735492   0.0012887705   0.0004610497   0.0004519745
        0.0004205699  -0.0005084527   0.0000599242  -0.0119299280   0.0156519328
        0.0053861448   0.0150803362  -0.0215556540  -0.0112357153   0.0412222123
        0.0203377305  -0.0526499393  -0.0132023698   0.1136856957  -0.1570982859
       -0.0108065647  -0.0071364697  -0.0253670577  -0.0033861773  -0.0072817323
       -0.0114594029   0.0009841431   0.0006192541   0.0008292128   0.0012874639
        0.0006605341   0.0008707966
       -0.0009213104  -0.0003348489   0.0002696807  -0.0020612821   0.0028171859
        0.0013849345  -0.0248097394  -0.0005427937   0.0072011891   0.0009333131
       -0.0012262348  -0.0008641657   0.0062076006   0.0066221966   0.0125784455
       -0.0831484628  -0.0192386144  -0.0408573503   0.4756841532  -0.0341299297
       -0.0118547334  -0.1719695464  -0.0449025711   0.0219021041   0.0000061771
       -0.0000655002   0.0000374480  -0.0000453080  -0.0000151251  -0.0000444714
       -0.0001539313   0.0002195493   0.0000420941  -0.0001011381   0.0000560074
       -0.0000485778   0.0002161111   0.0001536346   0.0000671076   0.0005841701
       -0.0008295345   0.0000250573   0.0000888197  -0.0001545121  -0.0002099831
       -0.0000534668   0.0000048903   0.0002274852   0.0003830835  -0.0000742741
        0.0004673408  -0.0015183429   0.0033519342   0.0022755706  -0.0139105544
       -0.0133280970  -0.0234602514  -0.0011745579  -0.0011023333  -0.0047772518
       -0.0440022452   0.0108041279  -0.0083618477  -0.1222881380   0.1022240073
        0.0410575496  -0.0023849580  -0.0027553316   0.0026390809  -0.0155604467
       -0.0075538330   0.0003035445
        0.0010443809   0.0003988565  -0.0002478759   0.0028517036  -0.0025083411
       -0.0014634352   0.0168676312   0.0067362321  -0.0034784770  -0.0013310915
        0.0012409483   0.0007853545  -0.0039398910  -0.0144571811  -0.0220623880
       -0.0202692421  -0.0878458028  -0.0421883038  -0.0341299297   0.5223295315
       -0.0155490315  -0.0428929419  -0.0843264447   0.0107680368  -0.0000339373
        0.0000443867   0.0000248140  -0.0000305130   0.0000389670   0.0000012620
        0.0002800915  -0.0001852971  -0.0000613276   0.0000743175   0.0000486858
       -0.0000827381   0.0000271281  -0.0000938569   0.0000732613   0.0009339965
        0.0005229015  -0.0004006177  -0.0001192952   0.0000445538   0.0001675258
        0.0000870399  -0.0000655247  -0.0000594616  -0.0004993096   0.0003492911
       -0.0008445597   0.0028908885  -0.0034122586  -0.0024928950  -0.0074984606
       -0.0059794631  -0.0111809228   0.0072880314   0.0073016225   0.0167441562
        0.0107095991  -0.1534629342   0.1125612197   0.1023578266  -0.1707509992
       -0.0490265272  -0.0214347713  -0.0106761290   0.0071620076  -0.0132332516
       -0.0052917442   0.0008509233
        0.0004927559   0.0001202454   0.0000850956   0.0012605711  -0.0013103304
       -0.0003129741   0.0104193190   0.0016395991  -0.0018916766  -0.0011014209
        0.0007516900   0.0007095851  -0.0000794344  -0.0120595900  -0.0137435935
       -0.0421060036  -0.0422865775  -0.1582602410  -0.0118547334  -0.0155490315
        0.4954388544   0.0232813754   0.0112907101  -0.0710926669  -0.0000046053
        0.0000226231  -0.0000139050   0.0000077188   0.0000348549   0.0000023224
        0.0000738645  -0.0000980796  -0.0000290070  -0.0000483419   0.0000112528
        0.0000641801   0.0000023984  -0.0000370673  -0.0000422357  -0.0008361780
        0.0003651146   0.0003339299  -0.0001651733   0.0001795904   0.0001483730
        0.0001330823   0.0000929716  -0.0002960560  -0.0003407415   0.0011961560
        0.0009540369   0.0013379111  -0.0017662168  -0.0004052098  -0.0002323703
        0.0005442401   0.0021114161  -0.0099994842  -0.0071153101  -0.0254673295
       -0.0082516604   0.1124966798  -0.1603903593   0.0411022440  -0.0490145339
       -0.0643959476   0.0202426001   0.0106927049  -0.0061735366  -0.0233336935
       -0.0102016958   0.0026669451
       -0.0047438646  -0.0018541004   0.0012889973  -0.0255850943   0.0169537876
        0.0094456866  -0.1045402508   0.0545523876   0.0207756729   0.0053282306
       -0.0041589805  -0.0005616315   0.0001774737   0.0008020695   0.0009526030
       -0.0172728183  -0.0099665352  -0.0049527291  -0.1719695464  -0.0428929419
        0.0232813754   0.4618448712   0.0128922033   0.0256439543   0.0000071474
       -0.0002016010   0.0000955949  -0.0001759728   0.0000577302  -0.0000542548
       -0.0011987936   0.0009777247   0.0003729857   0.0005554439   0.0006433212
       -0.0002968990   0.0002000469   0.0014652525   0.0009002993  -0.0032098787
        0.0057841388   0.0009384034  -0.0000690311  -0.0015257333  -0.0022651038
        0.0003393236  -0.0003619752  -0.0002469731   0.0000307861  -0.0001564663
       -0.0000189072  -0.0000033905   0.0001489401   0.0001144720  -0.0005764239
       -0.0013216535  -0.0022164385   0.0005126698   0.0001585731   0.0007388423
       -0.0025074694  -0.0033475983   0.0023273403  -0.0230565700  -0.0054812517
        0.0058578046  -0.0429026256   0.0094332277  -0.0110352666  -0.0711842633
       -0.0326005192  -0.0710858284
       -0.0019367783  -0.0002014557   0.0004013575  -0.0021962851   0.0051066815
        0.0014984071   0.0556068123  -0.1321167421  -0.0250248566   0.0065835050
       -0.0140271815  -0.0117170076   0.0006357997   0.0010493524   0.0011685977
       -0.0145600161  -0.0063611659  -0.0017313332  -0.0449025711  -0.0843264447
        0.0112907101   0.0128922033   0.4926382275  -0.0100855313   0.0000192618
        0.0000756437  -0.0001230088   0.0000277417   0.0000131909   0.0000469975
       -0.0005326799   0.0003235780   0.0000307624  -0.0010424011   0.0004569690
        0.0002373201  -0.0011058284   0.0006473322   0.0005486221   0.0156472188
       -0.0214771343  -0.0045445512  -0.0009125136  -0.0010119621  -0.0025409002
        0.0000009630   0.0008720367   0.0012541251  -0.0000784517  -0.0003372073
        0.0000907602   0.0001306419   0.0002157330   0.0002238179  -0.0015562455
       -0.0008311109  -0.0021828561   0.0008278201   0.0005283500   0.0006621996
       -0.0209189977  -0.0108172015   0.0070731012   0.0197623297   0.0066360797
       -0.0044063473   0.0098320703  -0.1578724199   0.1111748027  -0.0322235990
       -0.0791831489  -0.0733451889
        0.0006372813   0.0004232308   0.0001549259   0.0069667642  -0.0043260614
       -0.0021209902   0.0222938707  -0.0256160163  -0.0782672098   0.0125719401
       -0.0216080925  -0.0136012100   0.0008922334   0.0011687017   0.0017573685
       -0.0218739951  -0.0096082593   0.0021620865   0.0219021041   0.0107680368
       -0.0710926669   0.0256439543  -0.0100855313   0.5316317772   0.0000729334
        0.0000036683   0.0000045358  -0.0000670227  -0.0000563677  -0.0000835069
        0.0001290766  -0.0002762852   0.0000265060   0.0002944023  -0.0003713412
       -0.0000126231  -0.0013088280   0.0000266154   0.0005534993  -0.0115788965
        0.0156436366   0.0049929270  -0.0015114713  -0.0033516652  -0.0044365603
        0.0006957080  -0.0008430065   0.0004749529  -0.0000770680  -0.0001192666
       -0.0000732756   0.0001037932   0.0002378730   0.0001168260  -0.0031871029
       -0.0029746411  -0.0038285462  -0.0008439947  -0.0006317836   0.0006742341
        0.0206789804   0.0106093515  -0.0058812708   0.0097558707   0.0027223148
       -0.0016702098  -0.0111535688   0.1117377760  -0.1560431705  -0.0710369647
       -0.0734728867  -0.2054383991
       -0.0435830940   0.0012600314  -0.0034626107  -0.0026193036   0.0160056618
       -0.0156690156   0.0009511897   0.0011329789  -0.0012053243  -0.0001924131
       -0.0000663151   0.0000090889  -0.0000589221   0.0000030053  -0.0000176426
       -0.0000210627   0.0000169684  -0.0000080240   0.0000061771  -0.0000339373
       -0.0000046053   0.0000071474   0.0000192618   0.0000729334   0.0497276613
       -0.0046293435   0.0029852243   0.0004717613   0.0042178570  -0.0068743001
       -0.0020057564  -0.0207701972   0.0232743225  -0.0028276391   0.0040233790
        0.0004464481   0.0004100700  -0.0005728728  -0.0001895457  -0.0005855104
       -0.0001547332   0.0005182484   0.0000264397  -0.0000407931  -0.0001938838
        0.0001230511  -0.0000983513   0.0001692023  -0.0000533092  -0.0000534732
        0.0000336483   0.0000493706   0.0000021216   0.0000316501   0.0000178562
       -0.0000165200   0.0000008485   0.0000305865  -0.0000255170   0.0000187464
       -0.0000390553  -0.0000243844   0.0000402765   0.0000556666  -0.0000274276
       -0.0000059089   0.0000782731  -0.0001512545   0.0000735613   0.0000308150
       -0.0000161452  -0.0000433380
        0.0009477497  -0.1449119083   0.1174721709   0.0045938763  -0.0189702688
        0.0172859390  -0.0009738405   0.0006485336   0.0002088372   0.0000107656
       -0.0000434823  -0.0000082695  -0.0000855532  -0.0000160839   0.0000132308
       -0.0000174289  -0.0000048107   0.0000211719  -0.0000655002   0.0000443867
        0.0000226231  -0.0002016010   0.0000756437   0.0000036683  -0.0046293435
        0.1688017359  -0.1375017453  -0.0003074521   0.0092647390  -0.0106710995
       -0.0029567677  -0.0120653175   0.0141502165   0.0038463608  -0.0038176669
       -0.0007999533  -0.0004146493   0.0001930832   0.0004093705   0.0004811751
        0.0005096579  -0.0003513259   0.0000726181   0.0001505540   0.0000661426
       -0.0001021189  -0.0000248961  -0.0001561049   0.0000126960   0.0000583254
       -0.0000328151  -0.0000222156  -0.0000038518  -0.0000017619   0.0000145861
        0.0000152124  -0.0000122277  -0.0000257010  -0.0000020345  -0.0000150379
        0.0000403004   0.0000541397  -0.0000483805  -0.0000435647  -0.0000061349
        0.0000020857  -0.0001666366   0.0001117165  -0.0000470457  -0.0000077551
       -0.0000612723  -0.0000096893
       -0.0031593043   0.1171947406  -0.1822849933  -0.0015810039  -0.0001683000
        0.0030805950   0.0001485856  -0.0003321167   0.0003222085  -0.0001582981
        0.0000724298   0.0000230753   0.0000181221   0.0000156109  -0.0000361108
        0.0000178056   0.0000018613  -0.0000138757   0.0000374480   0.0000248140
       -0.0000139050   0.0000955949  -0.0001230088   0.0000045358   0.0029852243
       -0.1375017453   0.2082594183  -0.0004566837   0.0181700981  -0.0276315680
        0.0014125626   0.0038977133  -0.0036872851   0.0006023766  -0.0004531758
        0.0011467884   0.0001692584  -0.0003497885   0.0006501559  -0.0002475108
       -0.0001464857   0.0003770119  -0.0001488167   0.0000634208  -0.0003696230
        0.0002003857  -0.0001687069   0.0000604242  -0.0000603974  -0.0000626780
        0.0000711508   0.0000271800  -0.0000009276  -0.0000012421  -0.0000105103
       -0.0000188176   0.0000002395   0.0000212874  -0.0000178735  -0.0000050698
       -0.0000126637  -0.0000202812   0.0000453723   0.0000037083  -0.0000028504
        0.0000010621   0.0000793362  -0.0000597947  -0.0000240852   0.0000163133
       -0.0000141380   0.0000257199
       -0.0523335606  -0.0241211191  -0.0408512283   0.0036435442   0.0113023011
        0.0178867349   0.0006989537  -0.0000170512   0.0001169810  -0.0011173954
        0.0007193589   0.0002536672   0.0001272527  -0.0001612717  -0.0000506618
        0.0000317517   0.0000605430  -0.0000045866  -0.0000453080  -0.0000305130
        0.0000077188  -0.0001759728   0.0000277417  -0.0000670227   0.0004717613
       -0.0003074521  -0.0004566837   0.0616093602   0.0265554127   0.0482184213
       -0.0093744744  -0.0162191192  -0.0262568478   0.0006516154  -0.0005551399
        0.0002225249  -0.0024378734   0.0037973749   0.0015886814  -0.0000102531
       -0.0000412098   0.0000466714  -0.0019287537  -0.0009540549  -0.0003405210
       -0.0000542103   0.0001462127  -0.0001220335   0.0000338477  -0.0000021150
        0.0000121830   0.0000024607  -0.0000120172  -0.0000378210   0.0000531502
       -0.0000384335  -0.0000363071   0.0000007032  -0.0000036503  -0.0000000457
        0.0000016346   0.0000097683  -0.0000029129   0.0000355950  -0.0000274782
       -0.0000264122   0.0000602928  -0.0000418593   0.0000358701   0.0000558783
       -0.0000862287  -0.0001363698
       -0.0244745650  -0.0997302084  -0.0980774850  -0.0015152913  -0.0142661851
       -0.0202867495  -0.0005838760   0.0003949138   0.0000099237  -0.0004506916
        0.0001254176   0.0000271576   0.0000028584  -0.0000556373   0.0000581094
       -0.0000051863   0.0000082334  -0.0000070324  -0.0000151251   0.0000389670
        0.0000348549   0.0000577302   0.0000131909  -0.0000563677   0.0042178570
        0.0092647390   0.0181700981   0.0265554127   0.1157231773   0.1164298946
       -0.0067512659  -0.0086604847  -0.0147834458  -0.0005777052   0.0003370452
       -0.0004368768   0.0038878498  -0.0036662129  -0.0015089851   0.0000453761
       -0.0000734086   0.0000468531  -0.0004236162   0.0007307820   0.0000281175
        0.0002329428  -0.0002226809   0.0001324060  -0.0000623946  -0.0000260987
        0.0000392745  -0.0000153454   0.0000221054   0.0000265142  -0.0000037100
        0.0000128806   0.0000184763   0.0000148746  -0.0000232713   0.0000104136
       -0.0000021778  -0.0000029701   0.0000009118  -0.0000298305   0.0000025118
        0.0000095499  -0.0000572777   0.0000002197  -0.0000403705  -0.0000468427
        0.0000529742   0.0001547576
       -0.0410843085  -0.0982692243  -0.2202104086   0.0011624678  -0.0064096977
       -0.0065599823  -0.0003118946  -0.0001419987  -0.0002208333  -0.0003336588
       -0.0002583189  -0.0000894412  -0.0000109520   0.0000565113   0.0000895472
       -0.0000382486  -0.0000063698   0.0000009477  -0.0000444714   0.0000012620
        0.0000023224  -0.0000542548   0.0000469975  -0.0000835069  -0.0068743001
       -0.0106710995  -0.0276315680   0.0482184213   0.1164298946   0.2522654619
       -0.0015562503  -0.0007941527  -0.0001010228  -0.0001936323   0.0005710025
        0.0008820715   0.0013376599  -0.0013271627   0.0007995216  -0.0000437252
       -0.0000508732  -0.0002530558   0.0000135832   0.0004537759   0.0008438638
       -0.0000488861   0.0001414223   0.0001004404   0.0000173720   0.0000271288
       -0.0000492598  -0.0000303905   0.0000231201   0.0000388719  -0.0000245359
        0.0000342823   0.0000257945  -0.0000036490   0.0000026668   0.0000225803
       -0.0000039100  -0.0000020162  -0.0000194240  -0.0000224389   0.0000171016
        0.0000119143  -0.0000433295   0.0000203939   0.0000137786  -0.0000266677
        0.0001053540   0.0001213867
       -0.2348336503  -0.0957435975   0.0156646670  -0.0246672360  -0.0064807185
        0.0031477495  -0.0027677813   0.0040717467   0.0007360466  -0.0000006969
        0.0000141354   0.0001567544   0.0001366422   0.0000458346   0.0000154991
        0.0000639242  -0.0000219347   0.0000394518  -0.0001539313   0.0002800915
        0.0000738645  -0.0011987936  -0.0005326799   0.0001290766  -0.0020057564
       -0.0029567677   0.0014125626  -0.0093744744  -0.0067512659  -0.0015562503
        0.2736110711   0.1084043236  -0.0194961027   0.0002524078  -0.0003116454
       -0.0003258441   0.0007151480  -0.0005046281   0.0001273412   0.0002813199
        0.0002980171  -0.0002780201   0.0000244118   0.0001213491   0.0001316447
       -0.0000224161   0.0000177422   0.0000565687   0.0000407256   0.0000536446
       -0.0000143060  -0.0000071894  -0.0000014256  -0.0000286043  -0.0000427880
       -0.0000131529   0.0000163727   0.0000162062   0.0000187745  -0.0000054962
        0.0000481071   0.0000096573  -0.0000315697  -0.0001403895   0.0000168471
        0.0000339482  -0.0000030641  -0.0000021657  -0.0000284091   0.0000282033
       -0.0000321817   0.0000230549
       -0.0954594133  -0.0890419878   0.0086073988   0.0197263886   0.0072362351
       -0.0022180586   0.0027122728  -0.0024309749  -0.0005914646  -0.0000139805
       -0.0000808704  -0.0001080027   0.0000052847   0.0000706471   0.0000774689
       -0.0000274653  -0.0000116399   0.0000031693   0.0002195493  -0.0001852971
       -0.0000980796   0.0009777247   0.0003235780  -0.0002762852  -0.0207701972
       -0.0120653175   0.0038977133  -0.0162191192  -0.0086604847  -0.0007941527
        0.1084043236   0.1031384420  -0.0085923234   0.0001105127   0.0005083114
       -0.0001445630   0.0003450185   0.0007983929   0.0002486876   0.0000520341
       -0.0000211016  -0.0001939682   0.0000316408   0.0001920114   0.0001607409
       -0.0000431682   0.0000116565  -0.0000030210   0.0000254280   0.0000097388
       -0.0000262604   0.0000114323   0.0000076736   0.0000083323  -0.0000255618
        0.0000150445   0.0000096220  -0.0000160254   0.0000144277  -0.0000118776
       -0.0000028644  -0.0000154508  -0.0000012865   0.0000640618   0.0000368816
       -0.0000045570  -0.0000673348   0.0000892028  -0.0000077783  -0.0000405419
        0.0000608815   0.0000585456
        0.0154994850   0.0085505046  -0.0463657222   0.0056679592   0.0014100098
       -0.0003429056   0.0010082128  -0.0010084918   0.0001728377  -0.0002176337
       -0.0000574962   0.0000322933  -0.0000807196   0.0000570449   0.0000568738
       -0.0000512917   0.0000072381   0.0000150621   0.0000420941  -0.0000613276
       -0.0000290070   0.0003729857   0.0000307624   0.0000265060   0.0232743225
        0.0141502165  -0.0036872851  -0.0262568478  -0.0147834458  -0.0001010228
       -0.0194961027  -0.0085923234   0.0499931284  -0.0004540360   0.0000371333
        0.0000767726   0.0006354859   0.0002156849   0.0000534343  -0.0001650362
       -0.0001095361   0.0000669109   0.0001904388   0.0001634496  -0.0000430492
        0.0000104577  -0.0000225769   0.0000391269  -0.0000147968  -0.0000026839
       -0.0000132558   0.0000260248   0.0000061974   0.0000232488  -0.0000029229
        0.0000070406   0.0000018002   0.0000015447  -0.0000094756   0.0000039048
       -0.0000195532  -0.0000038222   0.0000082782   0.0000323956   0.0000008691
       -0.0000044440   0.0000059570  -0.0000182463  -0.0000033681  -0.0000084234
        0.0000332745   0.0000198818
       -0.0032498213   0.0159259126  -0.0154424472  -0.0426638040   0.0043053315
       -0.0078554279  -0.0026665641  -0.0184052699   0.0216234168   0.0009490978
       -0.0001044988   0.0012418153   0.0000069775   0.0000739327   0.0000466810
        0.0000027329  -0.0000305371   0.0000270876  -0.0001011381   0.0000743175
       -0.0000483419   0.0005554439  -0.0010424011   0.0002944023  -0.0028276391
        0.0038463608   0.0006023766   0.0006516154  -0.0005777052  -0.0001936323
        0.0002524078   0.0001105127  -0.0004540360   0.0542293133  -0.0072918288
        0.0080623579   0.0004721280   0.0048886806  -0.0084806172  -0.0049098133
       -0.0027048007   0.0016239463  -0.0000284798   0.0000909477  -0.0000780780
       -0.0003928825  -0.0000336417  -0.0005417721   0.0000650739   0.0001205637
       -0.0000835460   0.0000571648   0.0000548079  -0.0000501072   0.0000480139
        0.0000318592  -0.0000157434  -0.0000528192   0.0000261242  -0.0000342083
        0.0000822044   0.0001151147  -0.0001080419   0.0000146184   0.0000564806
       -0.0000346939  -0.0004470409   0.0004084760  -0.0000389634  -0.0000467895
        0.0000612609  -0.0000624270
        0.0051756727  -0.0181574293   0.0178651328   0.0049399889  -0.1300214605
        0.1090972622  -0.0033496167  -0.0107995844   0.0124892691   0.0007788380
        0.0002412075   0.0007155000   0.0000939732   0.0000642311  -0.0000410244
        0.0000639403   0.0000078770   0.0000378393   0.0000560074   0.0000486858
        0.0000112528   0.0006433212   0.0004569690  -0.0003713412   0.0040233790
       -0.0038176669  -0.0004531758  -0.0005551399   0.0003370452   0.0005710025
       -0.0003116454   0.0005083114   0.0000371333  -0.0072918288   0.1530214270
       -0.1284083604  -0.0008631426   0.0089933893  -0.0116585937  -0.0029228701
       -0.0013103030   0.0011090831   0.0000121994  -0.0002872585   0.0000342831
       -0.0006380149   0.0002144943  -0.0006108566   0.0001308255   0.0001125750
       -0.0000799470   0.0000344972   0.0000085095  -0.0000592842   0.0000532117
       -0.0000058850  -0.0000237345  -0.0000482242   0.0000618142  -0.0000490652
        0.0000872671   0.0000086365  -0.0000687920   0.0000062213   0.0000355509
       -0.0000240219  -0.0000125375   0.0003393280  -0.0001111627  -0.0001063229
       -0.0000604643  -0.0000083986
       -0.0005304807  -0.0009473599   0.0029838061  -0.0086127354   0.1093783229
       -0.1850764778   0.0030094000   0.0066670353  -0.0066734389  -0.0008648526
       -0.0009789416   0.0009082919  -0.0001681334  -0.0000931551  -0.0000541842
       -0.0000487311   0.0000384416  -0.0000174164  -0.0000485778  -0.0000827381
        0.0000641801  -0.0002968990   0.0002373201  -0.0000126231   0.0004464481
       -0.0007999533   0.0011467884   0.0002225249  -0.0004368768   0.0008820715
       -0.0003258441  -0.0001445630   0.0000767726   0.0080623579  -0.1284083604
        0.2127270555  -0.0028873471   0.0157978438  -0.0278879496   0.0016563432
        0.0005694684   0.0001992693   0.0000763845   0.0000118953  -0.0000503834
        0.0000112659  -0.0000711964   0.0004754528  -0.0000908839  -0.0000845255
       -0.0000304168  -0.0000254949  -0.0000268003   0.0000403159  -0.0000200330
       -0.0000309305  -0.0000087899   0.0000517929  -0.0000442518   0.0000781649
       -0.0001503221  -0.0001146418   0.0000889710  -0.0000035219  -0.0000617569
        0.0000019622   0.0006240425  -0.0004800666   0.0003228732  -0.0000867031
        0.0001057905  -0.0001842953
        0.0027284042   0.0130219244   0.0168763574  -0.0577615205  -0.0331126372
       -0.0512281499  -0.0134279593  -0.0153146850  -0.0215800452  -0.0050979790
       -0.0024103711   0.0012435385  -0.0006902025  -0.0007243670  -0.0012847440
        0.0001256305  -0.0000337018  -0.0000474337   0.0002161111   0.0000271281
        0.0000023984   0.0002000469  -0.0011058284  -0.0013088280   0.0004100700
       -0.0004146493   0.0001692584  -0.0024378734   0.0038878498   0.0013376599
        0.0007151480   0.0003450185   0.0006354859   0.0004721280  -0.0008631426
       -0.0028873471   0.0750114360   0.0357813657   0.0568370975   0.0005632652
        0.0001800875  -0.0001830401  -0.0000099072   0.0001589108   0.0001790012
        0.0000750401   0.0000087291   0.0002715257   0.0000501964   0.0000367707
       -0.0000325967  -0.0004351839  -0.0001416191   0.0000442017   0.0000507206
        0.0000454336   0.0000693998   0.0000396279  -0.0000206469   0.0000137727
        0.0000610613  -0.0000080504  -0.0000381162   0.0000721674   0.0000560587
        0.0000049933  -0.0001054729   0.0001586990  -0.0001507558  -0.0008249550
        0.0004417228   0.0010563665
       -0.0018121646  -0.0156234850  -0.0210401310  -0.0325424060  -0.1040452461
       -0.0929598403  -0.0080267558  -0.0081187012  -0.0117998235  -0.0025788730
       -0.0007842037   0.0007687207  -0.0002382763  -0.0002567945  -0.0007459791
        0.0000549384  -0.0000018911   0.0000231748   0.0001536346  -0.0000938569
       -0.0000370673   0.0014652525   0.0006473322   0.0000266154  -0.0005728728
        0.0001930832  -0.0003497885   0.0037973749  -0.0036662129  -0.0013271627
       -0.0005046281   0.0007983929   0.0002156849   0.0048886806   0.0089933893
        0.0157978438   0.0357813657   0.1216507439   0.1110670380   0.0001109867
       -0.0001789286  -0.0002190202   0.0001270167   0.0001051555   0.0001518072
       -0.0000116685  -0.0000063422   0.0000793511   0.0000578761   0.0000080981
       -0.0000322470  -0.0002148330  -0.0000945140   0.0000291594   0.0000015057
        0.0000136522   0.0000180633   0.0000093901   0.0000048026   0.0000102447
       -0.0000229129  -0.0000532638   0.0000047906   0.0000676781   0.0000343435
        0.0000127727  -0.0000434282   0.0000072658   0.0001282265   0.0000531193
        0.0004671808   0.0001775663
        0.0005733557  -0.0068573844  -0.0067403266  -0.0506901857  -0.0922809032
       -0.1944874305  -0.0010719987   0.0000287399   0.0017621078  -0.0000976986
       -0.0004277287   0.0006140484   0.0001398004  -0.0000984394  -0.0000226953
        0.0000624688   0.0000119399   0.0000002107   0.0000671076   0.0000732613
       -0.0000422357   0.0009002993   0.0005486221   0.0005534993  -0.0001895457
        0.0004093705   0.0006501559   0.0015886814  -0.0015089851   0.0007995216
        0.0001273412   0.0002486876   0.0000534343  -0.0084806172  -0.0116585937
       -0.0278879496   0.0568370975   0.1110670380   0.2237160726   0.0001870073
        0.0000206655   0.0003569174  -0.0000360078   0.0002718002   0.0000657166
        0.0002373793  -0.0000839715   0.0003162612  -0.0000500445  -0.0000454895
        0.0000332873  -0.0000021334   0.0000154521   0.0000461107  -0.0000247606
        0.0000257714   0.0000412029   0.0000219721  -0.0000015478  -0.0000070688
        0.0000489367   0.0000120026   0.0000224099  -0.0000091993   0.0000433564
        0.0000353668  -0.0002364852   0.0000348336  -0.0003318206   0.0000972295
        0.0001515021   0.0004532036
        0.0009213809  -0.0011009450   0.0006295959  -0.0029976972  -0.0198550304
        0.0200648843  -0.0432672781   0.0104259015  -0.0111528464  -0.0011849865
        0.0066727176  -0.0099657586   0.0004137620   0.0007240390  -0.0008540388
       -0.0003152691  -0.0000026831  -0.0000763153   0.0005841701   0.0009339965
       -0.0008361780  -0.0032098787   0.0156472188  -0.0115788965  -0.0005855104
        0.0004811751  -0.0002475108  -0.0000102531   0.0000453761  -0.0000437252
        0.0002813199   0.0000520341  -0.0001650362  -0.0049098133  -0.0029228701
        0.0016563432   0.0005632652   0.0001109867   0.0001870073   0.0561130645
       -0.0121039702   0.0123130760   0.0002858664   0.0000613719   0.0005633272
       -0.0005281028  -0.0009322130  -0.0022855864  -0.0003089786  -0.0005881166
       -0.0000650881   0.0000721111  -0.0000327594   0.0002335009  -0.0000199238
       -0.0000128140   0.0000233249   0.0000786670  -0.0001339475   0.0001904894
       -0.0004955394  -0.0000998433   0.0005569065   0.0001836144  -0.0002373197
        0.0000648500  -0.0021223398   0.0033870926   0.0009900959   0.0004583493
       -0.0005193974  -0.0002024214
        0.0009624562   0.0008445250  -0.0006238422  -0.0026703628  -0.0109809733
        0.0115283662   0.0107414571  -0.1493696706   0.1087928083  -0.0013436008
        0.0065109380  -0.0070921192   0.0000813707   0.0005004693  -0.0005889375
        0.0001335900  -0.0000354476   0.0001345210  -0.0008295345   0.0005229015
        0.0003651146   0.0057841388  -0.0214771343   0.0156436366  -0.0001547332
        0.0005096579  -0.0001464857  -0.0000412098  -0.0000734086  -0.0000508732
        0.0002980171  -0.0000211016  -0.0001095361  -0.0027048007  -0.0013103030
        0.0005694684   0.0001800875  -0.0001789286   0.0000206655  -0.0121039702
        0.1774408643  -0.1245598089  -0.0000862301   0.0006667979  -0.0001740894
       -0.0011382713  -0.0001080818  -0.0020447515  -0.0000327685   0.0001498073
       -0.0000615838   0.0000302345  -0.0000236684  -0.0000752998  -0.0000163399
       -0.0000320476  -0.0000390208  -0.0001292018  -0.0000685219  -0.0001727815
        0.0004249452   0.0004886395  -0.0004003006  -0.0003527563   0.0001976517
       -0.0000496213   0.0033620726  -0.0042779548  -0.0011913955  -0.0003945896
        0.0001249897   0.0003258665
       -0.0006603996  -0.0000322811   0.0002181942   0.0021789526   0.0071350199
       -0.0058287441  -0.0113472542   0.1084802675  -0.1530592307  -0.0048408831
        0.0167867535  -0.0251285294   0.0007197120   0.0006792392   0.0004473946
       -0.0002013176   0.0001002600  -0.0000735492   0.0000250573  -0.0004006177
        0.0003339299   0.0009384034  -0.0045445512   0.0049929270   0.0005182484
       -0.0003513259   0.0003770119   0.0000466714   0.0000468531  -0.0002530558
       -0.0002780201  -0.0001939682   0.0000669109   0.0016239463   0.0011090831
        0.0001992693  -0.0001830401  -0.0002190202   0.0003569174   0.0123130760
       -0.1245598089   0.1806102489   0.0003046539   0.0004330698   0.0003185906
       -0.0023947697  -0.0019267217  -0.0055435254  -0.0004945891  -0.0006171304
        0.0003976723   0.0003126057  -0.0000054968   0.0003141925   0.0000204438
       -0.0000368726  -0.0000236548   0.0001882113  -0.0001751085  -0.0000080613
       -0.0000847094  -0.0000676784   0.0002616005   0.0000095793  -0.0001257414
       -0.0000132818   0.0011824904  -0.0012513304   0.0003457433   0.0001029311
       -0.0002628927   0.0006910291
       -0.0010976976  -0.0007184696  -0.0009580022   0.0003110277   0.0000621851
        0.0000296261   0.0058422714  -0.0066516765  -0.0026524706  -0.1196963811
        0.1028791009   0.0412615436  -0.0233175109   0.0199821138   0.0099423007
       -0.0058778000  -0.0026659971   0.0012887705   0.0000888197  -0.0001192952
       -0.0001651733  -0.0000690311  -0.0009125136  -0.0015114713   0.0000264397
        0.0000726181  -0.0001488167  -0.0019287537  -0.0004236162   0.0000135832
        0.0000244118   0.0000316408   0.0001904388  -0.0000284798   0.0000121994
        0.0000763845  -0.0000099072   0.0001270167  -0.0000360078   0.0002858664
       -0.0000862301   0.0003046539   0.1469783441  -0.1169581325  -0.0480193790
       -0.0016553121   0.0045797125   0.0002431032   0.0007580984   0.0003577710
        0.0000407685   0.0003048339   0.0004316727  -0.0002312140  -0.0012676777
        0.0010938883   0.0007182437   0.0001715605  -0.0004068691   0.0000303779
       -0.0000486976  -0.0000084342  -0.0000209253   0.0000759028  -0.0000929917
       -0.0000802084  -0.0000580900  -0.0001134083   0.0000065322   0.0001877624
       -0.0004722851  -0.0003226579
        0.0001848435  -0.0000297080  -0.0003163013   0.0004745750  -0.0001501507
       -0.0000776356   0.0070755720  -0.0122994847  -0.0072504352   0.1028141559
       -0.1735661567  -0.0506133514  -0.0054492933   0.0063809372   0.0026522315
       -0.0014036298   0.0003361366   0.0004610497  -0.0001545121   0.0000445538
        0.0001795904  -0.0015257333  -0.0010119621  -0.0033516652  -0.0000407931
        0.0001505540   0.0000634208  -0.0009540549   0.0007307820   0.0004537759
        0.0001213491   0.0001920114   0.0001634496   0.0000909477  -0.0002872585
        0.0000118953   0.0001589108   0.0001051555   0.0002718002   0.0000613719
        0.0006667979   0.0004330698  -0.1169581325   0.1995165305   0.0613736365
        0.0159144527  -0.0221681143  -0.0040595930  -0.0002850118   0.0006507527
       -0.0000798546   0.0001280672   0.0004206693   0.0003582655  -0.0003052711
        0.0002922816   0.0000206130  -0.0002335918   0.0001653707  -0.0001002646
       -0.0000241654  -0.0000174115  -0.0000280027  -0.0000756396   0.0000781483
        0.0000844668  -0.0001873414   0.0004577432  -0.0000299793   0.0005729242
       -0.0006581782  -0.0006201820
        0.0000889029   0.0000443494   0.0000652745   0.0005693726   0.0001998333
        0.0005878028   0.0133968246  -0.0218253328  -0.0112201753   0.0412731437
       -0.0506113801  -0.0651645322   0.0059237962  -0.0045673719  -0.0016491375
        0.0013637423   0.0006870993   0.0004519745  -0.0002099831   0.0001675258
        0.0001483730  -0.0022651038  -0.0025409002  -0.0044365603  -0.0001938838
        0.0000661426  -0.0003696230  -0.0003405210   0.0000281175   0.0008438638
        0.0001316447   0.0001607409  -0.0000430492  -0.0000780780   0.0000342831
       -0.0000503834   0.0001790012   0.0001518072   0.0000657166   0.0005633272
       -0.0001740894   0.0003185906  -0.0480193790   0.0613736365   0.0754158392
       -0.0130317293   0.0183152683   0.0056069083   0.0002578308  -0.0002811083
       -0.0001517858  -0.0004785284   0.0002115487   0.0002971390   0.0001992124
       -0.0003264704  -0.0000622451   0.0000485193  -0.0000366910  -0.0000124069
       -0.0000191765  -0.0000229918  -0.0000046214  -0.0000775784   0.0000867319
        0.0000695389  -0.0001132280   0.0000627062  -0.0000636537   0.0008318716
       -0.0012034550  -0.0006428473
       -0.0002461951  -0.0000787162   0.0000220151   0.0004881701   0.0008377080
       -0.0010749665  -0.0015729585   0.0069457185  -0.0102953336  -0.0436315850
        0.0110321117  -0.0088985316  -0.0023699810  -0.0209391985   0.0206482539
        0.0008971532  -0.0010551034   0.0004205699  -0.0000534668   0.0000870399
        0.0001330823   0.0003393236   0.0000009630   0.0006957080   0.0001230511
       -0.0001021189   0.0002003857  -0.0000542103   0.0002329428  -0.0000488861
       -0.0000224161  -0.0000431682   0.0000104577  -0.0003928825  -0.0006380149
        0.0000112659   0.0000750401  -0.0000116685   0.0002373793  -0.0005281028
       -0.0011382713  -0.0023947697  -0.0016553121   0.0159144527  -0.0130317293
        0.0532823648  -0.0087963697   0.0114316798  -0.0052449388  -0.0028643125
        0.0019640105   0.0007822774   0.0000099025   0.0002990957   0.0002479296
        0.0000479592  -0.0002413377  -0.0004287666   0.0004221812  -0.0001151211
       -0.0001448580   0.0000107975  -0.0001674268  -0.0000425395  -0.0000155732
       -0.0000239137   0.0002665961   0.0000544097   0.0001405552  -0.0001136928
        0.0000863286   0.0000775569
        0.0000995346   0.0000329023   0.0000824075   0.0001228375   0.0005902802
       -0.0006072616  -0.0004478771   0.0067812050  -0.0060911360   0.0110011440
       -0.1533199404   0.1115373983  -0.0031932206  -0.0108304783   0.0106154824
        0.0007148735   0.0007503560  -0.0005084527   0.0000048903  -0.0000655247
        0.0000929716  -0.0003619752   0.0008720367  -0.0008430065  -0.0000983513
       -0.0000248961  -0.0001687069   0.0001462127  -0.0002226809   0.0001414223
        0.0000177422   0.0000116565  -0.0000225769  -0.0000336417   0.0002144943
       -0.0000711964   0.0000087291  -0.0000063422  -0.0000839715  -0.0009322130
       -0.0001080818  -0.0019267217   0.0045797125  -0.0221681143   0.0183152683
       -0.0087963697   0.1780771750  -0.1305896293  -0.0030959069  -0.0006971793
        0.0007711850   0.0001579198  -0.0001349867  -0.0000341794   0.0002369549
       -0.0000537509  -0.0001935287  -0.0000773187   0.0004911420  -0.0000656534
        0.0000155446  -0.0001300265  -0.0001209350  -0.0000126934  -0.0000163677
       -0.0000301367  -0.0000483321   0.0000013638  -0.0001907125  -0.0000081959
       -0.0000442420  -0.0000083302
       -0.0000494257  -0.0000505887   0.0000149599   0.0008063686   0.0006269117
        0.0004448139  -0.0046257866   0.0171624424  -0.0258139146  -0.0086966032
        0.1119926156  -0.1596830715   0.0021088883   0.0070668931  -0.0058842534
       -0.0004819797   0.0003137716   0.0000599242   0.0002274852  -0.0000594616
       -0.0002960560  -0.0002469731   0.0012541251   0.0004749529   0.0001692023
       -0.0001561049   0.0000604242  -0.0001220335   0.0001324060   0.0001004404
        0.0000565687  -0.0000030210   0.0000391269  -0.0005417721  -0.0006108566
        0.0004754528   0.0002715257   0.0000793511   0.0003162612  -0.0022855864
       -0.0020447515  -0.0055435254   0.0002431032  -0.0040595930   0.0056069083
        0.0114316798  -0.1305896293   0.1876177171   0.0016670247   0.0009109179
        0.0002285041  -0.0002541464  -0.0003784579   0.0006366430  -0.0002165440
       -0.0001509970   0.0001549302   0.0005127047  -0.0003736863   0.0002403895
       -0.0001579876  -0.0001210228   0.0002288502  -0.0000199822  -0.0000212767
        0.0000010567   0.0001995875  -0.0010045303   0.0000264232   0.0000046819
        0.0000845431   0.0004930422
       -0.0000192993   0.0000341183   0.0000196028  -0.0000695432   0.0000567692
        0.0000247111   0.0007829598  -0.0002088842   0.0011585118  -0.0024648049
       -0.0213772477   0.0201635714  -0.0431544849   0.0091007327  -0.0108450635
       -0.0031089809   0.0163411570  -0.0119299280   0.0003830835  -0.0004993096
       -0.0003407415   0.0000307861  -0.0000784517  -0.0000770680  -0.0000533092
        0.0000126960  -0.0000603974   0.0000338477  -0.0000623946   0.0000173720
        0.0000407256   0.0000254280  -0.0000147968   0.0000650739   0.0001308255
       -0.0000908839   0.0000501964   0.0000578761  -0.0000500445  -0.0003089786
       -0.0000327685  -0.0004945891   0.0007580984  -0.0002850118   0.0002578308
       -0.0052449388  -0.0030959069   0.0016670247   0.0544521956  -0.0119522749
        0.0101213313  -0.0002713217   0.0079577470  -0.0103251844   0.0002298009
        0.0002530847  -0.0005646463  -0.0020660730   0.0037865430   0.0012519096
        0.0002605701  -0.0000681706   0.0002239321  -0.0000692781  -0.0002017421
       -0.0001329826  -0.0001978454   0.0000934401  -0.0000007139  -0.0000584800
        0.0000117450   0.0000212425
        0.0000508628   0.0000358384   0.0000116614   0.0000399372   0.0000884947
       -0.0000520925   0.0005657996   0.0000059315   0.0007654416  -0.0029419793
       -0.0106974152   0.0106362034   0.0092147094  -0.1584401573   0.1120411353
        0.0055682608  -0.0217585215   0.0156519328  -0.0000742741   0.0003492911
        0.0011961560  -0.0001564663  -0.0003372073  -0.0001192666  -0.0000534732
        0.0000583254  -0.0000626780  -0.0000021150  -0.0000260987   0.0000271288
        0.0000536446   0.0000097388  -0.0000026839   0.0001205637   0.0001125750
       -0.0000845255   0.0000367707   0.0000080981  -0.0000454895  -0.0005881166
        0.0001498073  -0.0006171304   0.0003577710   0.0006507527  -0.0002811083
       -0.0028643125  -0.0006971793   0.0009109179  -0.0119522749   0.1856623879
       -0.1311854792  -0.0006557615   0.0074580809  -0.0065131210  -0.0003371974
        0.0007238146   0.0001743004   0.0035900501  -0.0041105636  -0.0014357472
        0.0000232903   0.0000025004  -0.0009821542  -0.0001072599   0.0004687344
        0.0000773148   0.0001021149   0.0002807528  -0.0000901495   0.0000094557
        0.0000020189  -0.0000205669
       -0.0000105764   0.0000039263  -0.0000033851  -0.0001082755  -0.0000932264
       -0.0000475111  -0.0005758388  -0.0006466129   0.0007225605   0.0027337869
        0.0070108133  -0.0060103558  -0.0109707701   0.1119108957  -0.1560757739
       -0.0000346257  -0.0046017442   0.0053861448   0.0004673408  -0.0008445597
        0.0009540369  -0.0000189072   0.0000907602  -0.0000732756   0.0000336483
       -0.0000328151   0.0000711508   0.0000121830   0.0000392745  -0.0000492598
       -0.0000143060  -0.0000262604  -0.0000132558  -0.0000835460  -0.0000799470
       -0.0000304168  -0.0000325967  -0.0000322470   0.0000332873  -0.0000650881
       -0.0000615838   0.0003976723   0.0000407685  -0.0000798546  -0.0001517858
        0.0019640105   0.0007711850   0.0002285041   0.0101213313  -0.1311854792
        0.1796887961  -0.0040977716   0.0198022153  -0.0256051006  -0.0003803916
       -0.0001324888   0.0003485119   0.0008595799  -0.0015353452   0.0003982279
        0.0001453979  -0.0001308122   0.0000374136  -0.0000028270  -0.0000360372
       -0.0000614070   0.0000050961  -0.0000918573  -0.0001332359   0.0000123776
       -0.0000181993  -0.0000115431
       -0.0000007222  -0.0000425778  -0.0000301116  -0.0006043411  -0.0007712921
       -0.0013095774  -0.0053804423  -0.0023453244   0.0015251475  -0.0156737186
       -0.0130851631  -0.0231914012  -0.0719415375  -0.0329889076  -0.0717863051
        0.0053418104   0.0083605549   0.0150803362  -0.0015183429   0.0028908885
        0.0013379111  -0.0000033905   0.0001306419   0.0001037932   0.0000493706
       -0.0000222156   0.0000271800   0.0000024607  -0.0000153454  -0.0000303905
       -0.0000071894   0.0000114323   0.0000260248   0.0000571648   0.0000344972
       -0.0000254949  -0.0004351839  -0.0002148330  -0.0000021334   0.0000721111
        0.0000302345   0.0003126057   0.0003048339   0.0001280672  -0.0004785284
        0.0007822774   0.0001579198  -0.0002541464  -0.0002713217  -0.0006557615
       -0.0040977716   0.0882514781   0.0380934783   0.0815049254   0.0005178887
        0.0000496999   0.0002936952   0.0004190642  -0.0003703328   0.0001228934
       -0.0001302924  -0.0000034011  -0.0000296211   0.0002287231   0.0005637175
        0.0008404012  -0.0000580096   0.0000110490   0.0000111786  -0.0000026910
        0.0000529734   0.0000493893
        0.0000077667  -0.0000082268  -0.0000100674  -0.0001879582  -0.0002050182
       -0.0006237988  -0.0024879463  -0.0002854594   0.0007790218  -0.0076937742
       -0.0053028016  -0.0101376919  -0.0329387951  -0.0788153146  -0.0734272382
       -0.0055480196  -0.0119691107  -0.0215556540   0.0033519342  -0.0034122586
       -0.0017662168   0.0001489401   0.0002157330   0.0002378730   0.0000021216
       -0.0000038518  -0.0000009276  -0.0000120172   0.0000221054   0.0000231201
       -0.0000014256   0.0000076736   0.0000061974   0.0000548079   0.0000085095
       -0.0000268003  -0.0001416191  -0.0000945140   0.0000154521  -0.0000327594
       -0.0000236684  -0.0000054968   0.0004316727   0.0004206693   0.0002115487
        0.0000099025  -0.0001349867  -0.0003784579   0.0079577470   0.0074580809
        0.0198022153   0.0380934783   0.0920243830   0.0879287631  -0.0002250900
        0.0005327091   0.0001984176  -0.0005253252   0.0001525671  -0.0002728148
        0.0001020333  -0.0000387988   0.0001054366  -0.0004183549  -0.0006486398
       -0.0011882453   0.0000172842   0.0000051066  -0.0000227907   0.0000353965
        0.0000951119   0.0001081549
        0.0000086875  -0.0000224175  -0.0000304622   0.0001713493  -0.0000545756
        0.0000196047   0.0000663901   0.0002455074   0.0007645472   0.0002659585
        0.0009020175   0.0028261568  -0.0716513174  -0.0733816522  -0.2064935142
       -0.0025196112  -0.0071180390  -0.0112357153   0.0022755706  -0.0024928950
       -0.0004052098   0.0001144720   0.0002238179   0.0001168260   0.0000316501
       -0.0000017619  -0.0000012421  -0.0000378210   0.0000265142   0.0000388719
       -0.0000286043   0.0000083323   0.0000232488  -0.0000501072  -0.0000592842
        0.0000403159   0.0000442017   0.0000291594   0.0000461107   0.0002335009
       -0.0000752998   0.0003141925  -0.0002312140   0.0003582655   0.0002971390
        0.0002990957  -0.0000341794   0.0006366430  -0.0103251844  -0.0065131210
       -0.0256051006   0.0815049254   0.0879287631   0.2380816463   0.0001582599
        0.0002565129  -0.0001426865  -0.0002195554   0.0002971628   0.0007294385
        0.0000873569  -0.0000133492   0.0005063085  -0.0002679835  -0.0006103164
       -0.0006218793   0.0000116500  -0.0000151457  -0.0000118031   0.0000583299
        0.0001159838   0.0001065630
       -0.0000182878  -0.0000303377   0.0000161081   0.0001759703   0.0000792331
        0.0000196836   0.0004664292   0.0000438327   0.0001129139  -0.0024982748
        0.0039832394   0.0017192066  -0.0217790220  -0.0046287237   0.0063019232
       -0.2280131163  -0.0792456295   0.0412222123  -0.0139105544  -0.0074984606
       -0.0002323703  -0.0005764239  -0.0015562455  -0.0031871029   0.0000178562
        0.0000145861  -0.0000105103   0.0000531502  -0.0000037100  -0.0000245359
       -0.0000427880  -0.0000255618  -0.0000029229   0.0000480139   0.0000532117
       -0.0000200330   0.0000507206   0.0000015057  -0.0000247606  -0.0000199238
       -0.0000163399   0.0000204438  -0.0012676777  -0.0003052711   0.0001992124
        0.0002479296   0.0002369549  -0.0002165440   0.0002298009  -0.0003371974
       -0.0003803916   0.0005178887  -0.0002250900   0.0001582599   0.2667086008
        0.0910925452  -0.0475226597  -0.0003275770  -0.0018868761   0.0015674311
        0.0000631261   0.0003412577   0.0001760565   0.0005641164  -0.0000594587
        0.0001849529   0.0001863316   0.0002466079  -0.0001408936  -0.0008762888
       -0.0002740726   0.0000643206
        0.0000242461   0.0000250130   0.0000079916   0.0000619150   0.0000370383
        0.0000280749   0.0000458412  -0.0001605433  -0.0000652769   0.0029009827
       -0.0025306003  -0.0013200105   0.0205216266   0.0062044309  -0.0052404382
       -0.0792840652  -0.0771655538   0.0203377305  -0.0133280970  -0.0059794631
        0.0005442401  -0.0013216535  -0.0008311109  -0.0029746411  -0.0000165200
        0.0000152124  -0.0000188176  -0.0000384335   0.0000128806   0.0000342823
       -0.0000131529   0.0000150445   0.0000070406   0.0000318592  -0.0000058850
       -0.0000309305   0.0000454336   0.0000136522   0.0000257714  -0.0000128140
       -0.0000320476  -0.0000368726   0.0010938883   0.0002922816  -0.0003264704
        0.0000479592  -0.0000537509  -0.0001509970   0.0002530847   0.0007238146
       -0.0001324888   0.0000496999   0.0005327091   0.0002565129   0.0910925452
        0.0900040665  -0.0193617079  -0.0218009394  -0.0114306279   0.0081960465
        0.0004553253   0.0005305595   0.0003229768  -0.0001871606  -0.0002110364
        0.0001912995   0.0002815296   0.0002556930  -0.0001800354  -0.0009031005
       -0.0002617770  -0.0001132801
        0.0000068200   0.0000227522   0.0000184113  -0.0000607790   0.0000337666
        0.0000269503   0.0000682827  -0.0000649147  -0.0001564346   0.0016283807
       -0.0019669266  -0.0002131690   0.0103859314   0.0026060062  -0.0021935562
        0.0412782444   0.0203686833  -0.0526499393  -0.0234602514  -0.0111809228
        0.0021114161  -0.0022164385  -0.0021828561  -0.0038285462   0.0000008485
       -0.0000122277   0.0000002395  -0.0000363071   0.0000184763   0.0000257945
        0.0000163727   0.0000096220   0.0000018002  -0.0000157434  -0.0000237345
       -0.0000087899   0.0000693998   0.0000180633   0.0000412029   0.0000233249
       -0.0000390208  -0.0000236548   0.0007182437   0.0000206130  -0.0000622451
       -0.0002413377  -0.0001935287   0.0001549302  -0.0005646463   0.0001743004
        0.0003485119   0.0002936952   0.0001984176  -0.0001426865  -0.0475226597
       -0.0193617079   0.0618797732   0.0213124740   0.0121658575  -0.0066037711
       -0.0003430175  -0.0001160908   0.0007166515  -0.0000952078   0.0002146525
        0.0005659481   0.0000378784  -0.0000977979  -0.0000991366  -0.0012835082
       -0.0006114824   0.0000902996
        0.0000111481  -0.0000079239   0.0000036517  -0.0000567411   0.0000272960
       -0.0000281021  -0.0003033869   0.0000266925  -0.0001064033   0.0007003969
        0.0009240618  -0.0008831509  -0.0030615041   0.0155979517  -0.0121445099
       -0.0472171402   0.0122186444  -0.0132023698  -0.0011745579   0.0072880314
       -0.0099994842   0.0005126698   0.0008278201  -0.0008439947   0.0000305865
       -0.0000257010   0.0000212874   0.0000007032   0.0000148746  -0.0000036490
        0.0000162062  -0.0000160254   0.0000015447  -0.0000528192  -0.0000482242
        0.0000517929   0.0000396279   0.0000093901   0.0000219721   0.0000786670
       -0.0001292018   0.0001882113   0.0001715605  -0.0002335918   0.0000485193
       -0.0004287666  -0.0000773187   0.0005127047  -0.0020660730   0.0035900501
        0.0008595799   0.0004190642  -0.0005253252  -0.0002195554  -0.0003275770
       -0.0218009394   0.0213124740   0.0530487413  -0.0164422570   0.0161660180
       -0.0003845170  -0.0007245764  -0.0024946703   0.0002385426   0.0000645358
        0.0005875387  -0.0002547553  -0.0005331584  -0.0000766113   0.0000599241
       -0.0000251053   0.0002272060
       -0.0000099475   0.0000170698   0.0000177333  -0.0000573769  -0.0000737673
       -0.0000005097   0.0001322669  -0.0000847230   0.0001479167  -0.0008566059
        0.0006947398   0.0003262725   0.0058511537  -0.0218937292   0.0156305018
        0.0121857571  -0.1539361126   0.1136856957  -0.0011023333   0.0073016225
       -0.0071153101   0.0001585731   0.0005283500  -0.0006317836  -0.0000255170
       -0.0000020345  -0.0000178735  -0.0000036503  -0.0000232713   0.0000026668
        0.0000187745   0.0000144277  -0.0000094756   0.0000261242   0.0000618142
       -0.0000442518  -0.0000206469   0.0000048026  -0.0000015478  -0.0001339475
       -0.0000685219  -0.0001751085  -0.0004068691   0.0001653707  -0.0000366910
        0.0004221812   0.0004911420  -0.0003736863   0.0037865430  -0.0041105636
       -0.0015353452  -0.0003703328   0.0001525671   0.0002971628  -0.0018868761
       -0.0114306279   0.0121658575  -0.0164422570   0.1813133857  -0.1297728031
       -0.0011313148   0.0000129627  -0.0022562614  -0.0001616756   0.0007336617
       -0.0001860650   0.0000194478   0.0001518186  -0.0000570089   0.0000085292
       -0.0000203836  -0.0000600858
        0.0000417592  -0.0000157488  -0.0000150062   0.0000511853   0.0000197265
       -0.0000527139  -0.0001989070   0.0001283239  -0.0001260255  -0.0000204632
       -0.0004628589   0.0003360218   0.0005956222  -0.0046088666   0.0056339160
       -0.0131633090   0.1136714291  -0.1570982859  -0.0047772518   0.0167441562
       -0.0254673295   0.0007388423   0.0006621996   0.0006742341   0.0000187464
       -0.0000150379  -0.0000050698  -0.0000000457   0.0000104136   0.0000225803
       -0.0000054962  -0.0000118776   0.0000039048  -0.0000342083  -0.0000490652
        0.0000781649   0.0000137727   0.0000102447  -0.0000070688   0.0001904894
       -0.0001727815  -0.0000080613   0.0000303779  -0.0001002646  -0.0000124069
       -0.0001151211  -0.0000656534   0.0002403895   0.0012519096  -0.0014357472
        0.0003982279   0.0001228934  -0.0002728148   0.0007294385   0.0015674311
        0.0081960465  -0.0066037711   0.0161660180  -0.1297728031   0.1856624610
       -0.0026936143  -0.0023210116  -0.0054077061   0.0003159393   0.0004044072
        0.0003358992  -0.0004910396  -0.0005737946   0.0003959054   0.0003944692
        0.0000313787   0.0002923015
        0.0000235434   0.0000661463  -0.0000186273  -0.0000470816   0.0000203417
       -0.0000898755   0.0009262535  -0.0012321703   0.0004699480  -0.0000466910
        0.0001047027   0.0001164573   0.0003282028  -0.0000187022   0.0006616409
       -0.0012120264   0.0071227322  -0.0108065647  -0.0440022452   0.0107095991
       -0.0082516604  -0.0025074694  -0.0209189977   0.0206789804  -0.0000390553
        0.0000403004  -0.0000126637   0.0000016346  -0.0000021778  -0.0000039100
        0.0000481071  -0.0000028644  -0.0000195532   0.0000822044   0.0000872671
       -0.0001503221   0.0000610613  -0.0000229129   0.0000489367  -0.0004955394
        0.0004249452  -0.0000847094  -0.0000486976  -0.0000241654  -0.0000191765
       -0.0001448580   0.0000155446  -0.0001579876   0.0002605701   0.0000232903
        0.0001453979  -0.0001302924   0.0001020333   0.0000873569   0.0000631261
        0.0004553253  -0.0003430175  -0.0003845170  -0.0011313148  -0.0026936143
        0.0535341232  -0.0089158197   0.0113542571  -0.0017910394   0.0159853353
       -0.0131437425  -0.0052448333  -0.0028959101   0.0019352077   0.0007655194
        0.0000074716   0.0002972419
        0.0000493365   0.0000158041  -0.0000245394   0.0001275190   0.0000084216
       -0.0000986426   0.0007174378   0.0006313708  -0.0004283688   0.0000151452
       -0.0000498169   0.0001134998  -0.0004156322   0.0008964723  -0.0008084979
       -0.0004276185   0.0071519607  -0.0071364697   0.0108041279  -0.1534629342
        0.1124966798  -0.0033475983  -0.0108172015   0.0106093515  -0.0000243844
        0.0000541397  -0.0000202812   0.0000097683  -0.0000029701  -0.0000020162
        0.0000096573  -0.0000154508  -0.0000038222   0.0001151147   0.0000086365
       -0.0001146418  -0.0000080504  -0.0000532638   0.0000120026  -0.0000998433
        0.0004886395  -0.0000676784  -0.0000084342  -0.0000174115  -0.0000229918
        0.0000107975  -0.0001300265  -0.0001210228  -0.0000681706   0.0000025004
       -0.0001308122  -0.0000034011  -0.0000387988  -0.0000133492   0.0003412577
        0.0005305595  -0.0001160908  -0.0007245764   0.0000129627  -0.0023210116
       -0.0089158197   0.1778334340  -0.1309279273   0.0048412851  -0.0221704464
        0.0183836931  -0.0031448759  -0.0007364527   0.0007735526   0.0001469582
       -0.0001401286  -0.0000306154
       -0.0000401024   0.0000006401   0.0000041535  -0.0000687055  -0.0000809905
        0.0000715275  -0.0005018049   0.0004032730  -0.0000545154   0.0002237342
       -0.0000658465  -0.0002815206  -0.0001812847   0.0012221846   0.0004562791
       -0.0044888738   0.0167446914  -0.0253670577  -0.0083618477   0.1125612197
       -0.1603903593   0.0023273403   0.0070731012  -0.0058812708   0.0000402765
       -0.0000483805   0.0000453723  -0.0000029129   0.0000009118  -0.0000194240
       -0.0000315697  -0.0000012865   0.0000082782  -0.0001080419  -0.0000687920
        0.0000889710  -0.0000381162   0.0000047906   0.0000224099   0.0005569065
       -0.0004003006   0.0002616005  -0.0000209253  -0.0000280027  -0.0000046214
       -0.0001674268  -0.0001209350   0.0002288502   0.0002239321  -0.0009821542
        0.0000374136  -0.0000296211   0.0001054366   0.0005063085   0.0001760565
        0.0003229768   0.0007166515  -0.0024946703  -0.0022562614  -0.0054077061
        0.0113542571  -0.1309279273   0.1885302095   0.0002400452  -0.0039936062
        0.0055413552   0.0016416730   0.0009105952   0.0002477492  -0.0002483183
       -0.0003753375   0.0006393457
       -0.0004239245  -0.0001770867   0.0000893211  -0.0010281103   0.0012144437
        0.0006326309  -0.0054618188  -0.0028883025   0.0011316203   0.0000946042
       -0.0001282979  -0.0001783543   0.0001675340  -0.0008804448  -0.0016670006
        0.0058705071  -0.0071092817  -0.0033861773  -0.1222881380   0.1023578266
        0.0411022440  -0.0230565700   0.0197623297   0.0097558707   0.0000556666
       -0.0000435647   0.0000037083   0.0000355950  -0.0000298305  -0.0000224389
       -0.0001403895   0.0000640618   0.0000323956   0.0000146184   0.0000062213
       -0.0000035219   0.0000721674   0.0000676781  -0.0000091993   0.0001836144
       -0.0003527563   0.0000095793   0.0000759028  -0.0000756396  -0.0000775784
       -0.0000425395  -0.0000126934  -0.0000199822  -0.0000692781  -0.0001072599
       -0.0000028270   0.0002287231  -0.0004183549  -0.0002679835   0.0005641164
       -0.0001871606  -0.0000952078   0.0002385426  -0.0001616756   0.0003159393
       -0.0017910394   0.0048412851   0.0002400452   0.1456433113  -0.1165080303
       -0.0473865181   0.0007690924   0.0003559550   0.0000354146   0.0002878122
        0.0004105780  -0.0002319802
       -0.0001364450   0.0000230107   0.0000293117  -0.0003458341   0.0002259095
        0.0000297292  -0.0013877959   0.0001697328   0.0004535297  -0.0001552528
        0.0000608049   0.0001648322  -0.0016613567  -0.0009885583  -0.0033255190
        0.0074687702  -0.0122196459  -0.0072817323   0.1022240073  -0.1707509992
       -0.0490145339  -0.0054812517   0.0066360797   0.0027223148  -0.0000274276
       -0.0000061349  -0.0000028504  -0.0000274782   0.0000025118   0.0000171016
        0.0000168471   0.0000368816   0.0000008691   0.0000564806   0.0000355509
       -0.0000617569   0.0000560587   0.0000343435   0.0000433564  -0.0002373197
        0.0001976517  -0.0001257414  -0.0000929917   0.0000781483   0.0000867319
       -0.0000155732  -0.0000163677  -0.0000212767  -0.0002017421   0.0004687344
       -0.0000360372   0.0005637175  -0.0006486398  -0.0006103164  -0.0000594587
       -0.0002110364   0.0002146525   0.0000645358   0.0007336617   0.0004044072
        0.0159853353  -0.0221704464  -0.0039936062  -0.1165080303   0.1972474927
        0.0600516927  -0.0002599755   0.0006475012  -0.0000971388   0.0001621806
        0.0004138134   0.0003519805
        0.0000806324   0.0000391758  -0.0000260049   0.0001544048  -0.0003345787
       -0.0000374237   0.0011889409   0.0007043242   0.0004276934  -0.0001963126
        0.0001743589   0.0001486055  -0.0023091202  -0.0025260617  -0.0044672900
        0.0134972706  -0.0218710714  -0.0114594029   0.0410575496  -0.0490265272
       -0.0643959476   0.0058578046  -0.0044063473  -0.0016702098  -0.0000059089
        0.0000020857   0.0000010621  -0.0000264122   0.0000095499   0.0000119143
        0.0000339482  -0.0000045570  -0.0000044440  -0.0000346939  -0.0000240219
        0.0000019622   0.0000049933   0.0000127727   0.0000353668   0.0000648500
       -0.0000496213  -0.0000132818  -0.0000802084   0.0000844668   0.0000695389
       -0.0000239137  -0.0000301367   0.0000010567  -0.0001329826   0.0000773148
       -0.0000614070   0.0008404012  -0.0011882453  -0.0006218793   0.0001849529
        0.0001912995   0.0005659481   0.0005875387  -0.0001860650   0.0003358992
       -0.0131437425   0.0183836931   0.0055413552  -0.0473865181   0.0600516927
        0.0754500624   0.0002446041  -0.0002932304  -0.0001231744  -0.0004580781
        0.0002097300   0.0002900007
       -0.0000303871  -0.0000939505   0.0000624119   0.0005314384   0.0009365763
       -0.0006446919  -0.0031927804   0.0156537211  -0.0118940156   0.0003944288
       -0.0005611188  -0.0003856381   0.0000264303  -0.0000828387  -0.0000638415
        0.0007631770  -0.0001681220   0.0009841431  -0.0023849580  -0.0214347713
        0.0202426001  -0.0429026256   0.0098320703  -0.0111535688   0.0000782731
       -0.0001666366   0.0000793362   0.0000602928  -0.0000572777  -0.0000433295
       -0.0000030641  -0.0000673348   0.0000059570  -0.0004470409  -0.0000125375
        0.0006240425  -0.0001054729  -0.0000434282  -0.0002364852  -0.0021223398
        0.0033620726   0.0011824904  -0.0000580900  -0.0001873414  -0.0001132280
        0.0002665961  -0.0000483321   0.0001995875  -0.0001978454   0.0001021149
        0.0000050961  -0.0000580096   0.0000172842   0.0000116500   0.0001863316
        0.0002815296   0.0000378784  -0.0002547553   0.0000194478  -0.0004910396
       -0.0052448333  -0.0031448759   0.0016416730   0.0007690924  -0.0002599755
        0.0002446041   0.0542421359  -0.0118419173   0.0101033799  -0.0003159942
        0.0079656416  -0.0103990122
       -0.0000757262   0.0001531081  -0.0000401883  -0.0009486303   0.0005105013
        0.0003415008   0.0055895251  -0.0221048528   0.0160301242  -0.0000616342
        0.0004019574   0.0012443093  -0.0001441233  -0.0003601496  -0.0001223488
        0.0005411469   0.0001051597   0.0006192541  -0.0027553316  -0.0106761290
        0.0106927049   0.0094332277  -0.1578724199   0.1117377760  -0.0001512545
        0.0001117165  -0.0000597947  -0.0000418593   0.0000002197   0.0000203939
       -0.0000021657   0.0000892028  -0.0000182463   0.0004084760   0.0003393280
       -0.0004800666   0.0001586990   0.0000072658   0.0000348336   0.0033870926
       -0.0042779548  -0.0012513304  -0.0001134083   0.0004577432   0.0000627062
        0.0000544097   0.0000013638  -0.0010045303   0.0000934401   0.0002807528
       -0.0000918573   0.0000110490   0.0000051066  -0.0000151457   0.0002466079
        0.0002556930  -0.0000977979  -0.0005331584   0.0001518186  -0.0005737946
       -0.0028959101  -0.0007364527   0.0009105952   0.0003559550   0.0006475012
       -0.0002932304  -0.0118419173   0.1849966254  -0.1310451510  -0.0007145100
        0.0075128952  -0.0066007156
        0.0000555019  -0.0001090695  -0.0000769020  -0.0000158500  -0.0004664113
        0.0004381004  -0.0002037378  -0.0037391112   0.0051752843   0.0004145532
       -0.0008817781   0.0009285872  -0.0000107323   0.0000711606  -0.0000800195
       -0.0006001592  -0.0007122323   0.0008292128   0.0026390809   0.0071620076
       -0.0061735366  -0.0110352666   0.1111748027  -0.1560431705   0.0000735613
       -0.0000470457  -0.0000240852   0.0000358701  -0.0000403705   0.0000137786
       -0.0000284091  -0.0000077783  -0.0000033681  -0.0000389634  -0.0001111627
        0.0003228732  -0.0001507558   0.0001282265  -0.0003318206   0.0009900959
       -0.0011913955   0.0003457433   0.0000065322  -0.0000299793  -0.0000636537
        0.0001405552  -0.0001907125   0.0000264232  -0.0000007139  -0.0000901495
       -0.0001332359   0.0000111786  -0.0000227907  -0.0000118031  -0.0001408936
       -0.0001800354  -0.0000991366  -0.0000766113  -0.0000570089   0.0003959054
        0.0019352077   0.0007735526   0.0002477492   0.0000354146  -0.0000971388
       -0.0001231744   0.0101033799  -0.1310451510   0.1800519660  -0.0041388388
        0.0197095716  -0.0256117173
        0.0000144136  -0.0000344659  -0.0001064443   0.0006830432   0.0012669892
        0.0011148008   0.0046501264   0.0072482284   0.0143747652  -0.0016255400
        0.0025198961   0.0013555501  -0.0000005550   0.0001051523   0.0000427203
       -0.0056697539  -0.0025550162   0.0012874639  -0.0155604467  -0.0132332516
       -0.0233336935  -0.0711842633  -0.0322235990  -0.0710369647   0.0000308150
       -0.0000077551   0.0000163133   0.0000558783  -0.0000468427  -0.0000266677
        0.0000282033  -0.0000405419  -0.0000084234  -0.0000467895  -0.0001063229
       -0.0000867031  -0.0008249550   0.0000531193   0.0000972295   0.0004583493
       -0.0003945896   0.0001029311   0.0001877624   0.0005729242   0.0008318716
       -0.0001136928  -0.0000081959   0.0000046819  -0.0000584800   0.0000094557
        0.0000123776  -0.0000026910   0.0000353965   0.0000583299  -0.0008762888
       -0.0009031005  -0.0012835082   0.0000599241   0.0000085292   0.0003944692
        0.0007655194   0.0001469582  -0.0002483183   0.0002878122   0.0001621806
       -0.0004580781  -0.0003159942  -0.0007145100  -0.0041388388   0.0890576030
        0.0381393615   0.0810341354
       -0.0000967861   0.0000225756   0.0000828169  -0.0008813293   0.0004034551
        0.0002133589  -0.0054404947  -0.0122141351  -0.0219203230   0.0033516196
       -0.0034377572  -0.0017877208   0.0001336702   0.0002075458   0.0002276197
       -0.0026639953  -0.0003436862   0.0006605341  -0.0075538330  -0.0052917442
       -0.0102016958  -0.0326005192  -0.0791831489  -0.0734728867  -0.0000161452
       -0.0000612723  -0.0000141380  -0.0000862287   0.0000529742   0.0001053540
       -0.0000321817   0.0000608815   0.0000332745   0.0000612609  -0.0000604643
        0.0001057905   0.0004417228   0.0004671808   0.0001515021  -0.0005193974
        0.0001249897  -0.0002628927  -0.0004722851  -0.0006581782  -0.0012034550
        0.0000863286  -0.0000442420   0.0000845431   0.0000117450   0.0000020189
       -0.0000181993   0.0000529734   0.0000951119   0.0001159838  -0.0002740726
       -0.0002617770  -0.0006114824  -0.0000251053  -0.0000203836   0.0000313787
        0.0000074716  -0.0001401286  -0.0003753375   0.0004105780   0.0004138134
        0.0002097300   0.0079656416   0.0075128952   0.0197095716   0.0381393615
        0.0923534756   0.0881366733
       -0.0000484597   0.0001637648   0.0001430343  -0.0006372017   0.0000031093
       -0.0000537682  -0.0022944804  -0.0073371854  -0.0115361484   0.0021682897
       -0.0026355083  -0.0004870834   0.0001056325   0.0002431365   0.0000964051
        0.0000361960   0.0002152678   0.0008707966   0.0003035445   0.0008509233
        0.0026669451  -0.0710858284  -0.0733451889  -0.2054383991  -0.0000433380
       -0.0000096893   0.0000257199  -0.0001363698   0.0001547576   0.0001213867
        0.0000230549   0.0000585456   0.0000198818  -0.0000624270  -0.0000083986
       -0.0001842953   0.0010563665   0.0001775663   0.0004532036  -0.0002024214
        0.0003258665   0.0006910291  -0.0003226579  -0.0006201820  -0.0006428473
        0.0000775569  -0.0000083302   0.0004930422   0.0000212425  -0.0000205669
       -0.0000115431   0.0000493893   0.0001081549   0.0001065630   0.0000643206
       -0.0001132801   0.0000902996   0.0002272060  -0.0000600858   0.0002923015
        0.0002972419  -0.0000306154   0.0006393457  -0.0002319802   0.0003519805
        0.0002900007  -0.0103990122  -0.0066007156  -0.0256117173   0.0810341354
        0.0881366733   0.2369658472
