           1           2   1.01926328467326     
           2           3  0.995653764060933     
           3           4  0.998496970250760     
           4           5   1.00775615947508     
           5           6   1.00913736852715     
           6           7   1.00900408270893     
           3           8  0.996702912339166     
           7           8   1.00814512364340     
           1           9  0.987730835797402     
           1          10  0.985711281781547     
           1          11  0.987273588937038     
           2          12  0.977694193370880     
           2          13  0.976915239582874     
           3          14  0.967047568043563     
           4          15  0.974424955286186     
           4          16  0.976465589052472     
           5          17  0.977721400660215     
           5          18  0.977743172085808     
           6          19  0.977867646498214     
           6          20  0.977641664934710     
           7          21  0.977687731656253     
           7          22  0.977634655035388     
           8          23  0.976740501157880     
           8          24  0.976737601968811     
