           1           2   1.02851070771366     
           2           3   1.58391195171866     
           3           4   1.28242640181735     
           2           5  0.141561777476675     
           4           5   1.61997350847378     
           2           6   1.11780236927958     
           5           6   1.12724937692281     
           1           7  0.984511837044606     
           1           8  0.970506520590233     
           1           9  0.970506063074578     
           3          10  0.975480550419943     
           4          11  0.975319787868981     
           5          12  0.967484228010807     
