           1           2   1.52160254488433     
           2           3   1.15087145908004     
           2           4  0.123734401799873     
           3           4   1.08598198443415     
           1           5   1.35053348020328     
           4           5   1.47919851454936     
           4           6   1.10078092807074     
           6           7   1.83675476864734     
           2           8  0.998818356082847     
           8           9   1.00017029105340     
           1          10  0.972535621434787     
           5          11  0.970888484027635     
           6          12  0.929203370959639     
           8          13  0.969019099539089     
           8          14  0.955493527172494     
           9          15  0.896379428007728     
