           1           2   1.44503320496237     
           2           3   1.42069975567100     
           3           4   1.40873628645808     
           4           5   1.30040589701256     
           1           6   1.43191552888298     
           5           6   1.39045015034072     
           5           7   1.08232412654417     
           4           8   1.03947978964428     
           1           9  0.970889597415536     
           2          10  0.971316589583083     
           3          11  0.966433898606585     
           6          12  0.967558086060286     
           7          13  0.875620728187374     
           8          14  0.889194999767730     
