           1           2  0.986006191627088     
           2           3   1.02627797788684     
           3           4   1.41113985702739     
           4           5   1.41200352445984     
           5           6   1.45307096493665     
           6           7   1.42254293073680     
           3           8   1.28922572165115     
           7           8   1.40053448393212     
           8           9   1.08012161128737     
           1          10  0.976963239716467     
           1          11  0.979691871587145     
           1          12  0.976963241580635     
           4          13  0.966074792771580     
           5          14  0.971359943147661     
           6          15  0.970901601443996     
           7          16  0.967361729637359     
           9          17  0.875525342298788     
