           1           2  0.988568755716135     
           2           3   1.06434604774923     
           3           4   1.30819272260795     
           4           5   1.32415692065009     
           5           6   1.37909496410486     
           6           7   1.43067028951286     
           3           8   1.37063420488428     
           7           8   1.43492577976844     
           5           9   1.02596312852106     
           9          10  0.985920041322889     
           4          11   1.07955004074695     
           1          12  0.979167571426412     
           1          13  0.976120858492119     
           1          14  0.976120815785318     
           6          15  0.966088608070340     
           7          16  0.971105602201212     
           8          17  0.965891447880717     
          10          18  0.976990904596850     
          10          19  0.976990889052908     
          10          20  0.979559605183306     
          11          21  0.874616263418925     
