$hessian                                                                        
        0.6585478682  -0.0336513785  -0.0836129995  -0.0976977733   0.0750456481
       -0.0118373198   0.0059679483   0.0298773416  -0.0089753188  -0.0014795380
       -0.0204417820   0.0051412003  -0.0601927971   0.0109330978   0.0068333036
       -0.2341263153  -0.1404295361   0.0711224013  -0.0030821232   0.0028299617
        0.0007618026  -0.0039503592   0.0012324688   0.0003072766  -0.2631379905
        0.0936099808   0.0134806564   0.0020815485  -0.0223489831   0.0057630971
       -0.0049052691   0.0031181936   0.0012142887   0.0029784750   0.0010107637
       -0.0008083927  -0.0014592557  -0.0005273154   0.0005971078   0.0004555814
       -0.0002584609   0.0000128965
       -0.0336513785   0.6249554681  -0.1348179077   0.0013149394  -0.3150809193
        0.0736490515   0.0852685373  -0.0231074858  -0.0077503434  -0.0184322187
       -0.0523247426   0.0163509206  -0.0414671806   0.0562571640  -0.0090598172
       -0.0685901053  -0.1703153353   0.0466548325   0.0029005364  -0.0032768611
        0.0020405229  -0.0043918905   0.0024559547   0.0000199862   0.0936452054
       -0.0827650475  -0.0022910644   0.0005437997  -0.0190785110   0.0051156150
        0.0025626661   0.0006353898   0.0013820622  -0.0209406522  -0.0187765015
        0.0086823815   0.0008625304   0.0001571184   0.0001453247   0.0003752109
        0.0002643089  -0.0001215643
       -0.0836129995  -0.1348179077   0.1646470172   0.0084004796   0.0610951567
       -0.0644183212  -0.0241743462   0.0016856130   0.0052115078   0.0046013279
        0.0166762924  -0.0096517185   0.0212394542  -0.0179691897  -0.0010768109
        0.0513932039   0.0588794414  -0.0679714642   0.0007326463   0.0020460900
        0.0052605466   0.0018348445  -0.0009407073  -0.0002648236   0.0134640605
       -0.0022833252  -0.0347086338  -0.0005243451   0.0090132505  -0.0025096836
        0.0013678001   0.0012852850   0.0066667340   0.0052217400   0.0049510017
       -0.0023824694   0.0002173982   0.0003756666   0.0010641388  -0.0001612642
        0.0000033326   0.0001339810
       -0.0976977733   0.0013149394   0.0084004796   0.6495609285  -0.0109848504
       -0.0885615567  -0.2938785049   0.1228137706   0.0089077384  -0.0591399406
       -0.0444715193   0.0219665163  -0.0194066700   0.0344653946  -0.0068593579
        0.0382129114  -0.0142810302  -0.0022798539  -0.0025393864  -0.0027920035
        0.0011943753  -0.0059667147   0.0001608120   0.0021595068  -0.0067052322
        0.0271340110  -0.0063247833  -0.1950100999  -0.1139777752   0.0590439587
       -0.0052388026   0.0041043772  -0.0002548073  -0.0028349366  -0.0030238818
        0.0025612710   0.0005762131  -0.0005458377   0.0000348764   0.0000680081
        0.0000835935   0.0000116368
        0.0750456481  -0.3150809193   0.0610951567  -0.0109848504   0.6290921397
       -0.1402559904   0.0501774056  -0.1245480608   0.0137197225   0.0089296802
        0.0550598676  -0.0171973804   0.0322251586  -0.0402108012   0.0044247287
       -0.0694440925  -0.0449323320   0.0246700434  -0.0000781282   0.0015337178
       -0.0004148023  -0.0001156092  -0.0036288571   0.0029798872   0.0041821910
       -0.0131616955   0.0028965632  -0.1137593359  -0.1296553800   0.0461589301
        0.0269767179  -0.0139491575  -0.0007988017  -0.0026666694  -0.0005373812
        0.0026104020  -0.0001630914   0.0003552983  -0.0001142883  -0.0003250244
       -0.0003364389   0.0002258292
       -0.0118373198   0.0736490515  -0.0644183212  -0.0885615567  -0.1402559904
        0.1654048102   0.0288464266   0.0013626277  -0.0487478379   0.0072595872
       -0.0080827433  -0.0009763531  -0.0062803894   0.0040219334  -0.0041596385
        0.0128647919   0.0152743994  -0.0045702043   0.0004819342   0.0000730591
       -0.0001246206   0.0022828140   0.0029026610   0.0059015458  -0.0000123943
       -0.0010182440   0.0002369387   0.0589884922   0.0461959011  -0.0549083219
       -0.0065407774   0.0030975929   0.0001318035   0.0024603098   0.0026680125
        0.0061445446  -0.0000725045  -0.0000390299  -0.0000968407   0.0001205863
        0.0001507690   0.0001824954
        0.0059679483   0.0852685373  -0.0241743462  -0.2938785049   0.0501774056
        0.0288464266   0.6520160725  -0.0265561642  -0.0854196608  -0.2252407462
       -0.0642720099   0.0485131102   0.0344158900  -0.0672979275   0.0120029507
       -0.0567236451  -0.0094503625   0.0118019882   0.0032382338   0.0058271699
       -0.0009505359  -0.0445436714  -0.0181131856   0.0131862679   0.0009919775
        0.0012210970   0.0007390389  -0.0251656328   0.0073384711   0.0022415699
       -0.0500560505   0.0361885792  -0.0067908505  -0.0006112480  -0.0000388013
        0.0000863744  -0.0013499357   0.0012048739  -0.0001681985   0.0009393124
       -0.0014976830   0.0000858650
        0.0298773416  -0.0231074858   0.0016856130   0.1228137706  -0.1245480608
        0.0013626277  -0.0265561642   0.6277916593  -0.1383752872  -0.1465497095
       -0.1762472416   0.0612793443  -0.0154920099  -0.0370496122   0.0118380885
       -0.0039464131   0.0017301569  -0.0005684640   0.0016510982  -0.0048199342
        0.0029783150   0.0153886999   0.0056934835  -0.0032159913   0.0015626179
       -0.0048524105   0.0030652712  -0.0157523807   0.0055548027   0.0011001789
        0.0357728358  -0.2740978187   0.0605345624  -0.0001538989   0.0008855651
       -0.0002532060  -0.0001774158   0.0003366548  -0.0001643159   0.0015616282
        0.0027302415  -0.0012667365
       -0.0089753188  -0.0077503434   0.0052115078   0.0089077384   0.0137197225
       -0.0487478379  -0.0854196608  -0.1383752872   0.1602276930   0.0711331735
        0.0472657356  -0.0691630691  -0.0021962252   0.0206873656  -0.0088433924
        0.0103022144   0.0003748238  -0.0046566401   0.0001702840   0.0022429311
        0.0063961993   0.0039467592   0.0024991882   0.0021617204   0.0006425556
        0.0031244581   0.0063139185   0.0085773695  -0.0028342120  -0.0009033383
       -0.0066774038   0.0604682182  -0.0470390121   0.0001207747  -0.0002727282
       -0.0000759351   0.0002135685  -0.0003974334  -0.0003028265  -0.0007458291
       -0.0007524389  -0.0005789874
       -0.0014795380  -0.0184322187   0.0046013279  -0.0591399406   0.0089296802
        0.0072595872  -0.2252407462  -0.1465497095   0.0711331735   0.6409278538
        0.0123799573  -0.0929004182  -0.0649429980   0.0789536102  -0.0194421898
        0.0010789055   0.0286486470  -0.0085416501  -0.0252739848  -0.0465530029
        0.0178988007  -0.2571162731   0.0702853329   0.0189199519   0.0005055904
       -0.0005867756   0.0001862693  -0.0034322171   0.0023568728   0.0011868350
        0.0010399447   0.0027762670  -0.0007918613  -0.0044310868   0.0026140901
        0.0014413025   0.0008121628  -0.0062540738   0.0017117247  -0.0033076729
        0.0114313229  -0.0026628531
       -0.0204417820  -0.0523247426   0.0166762924  -0.0444715193   0.0550598676
       -0.0080827433  -0.0642720099  -0.1762472416   0.0472657356   0.0123799573
        0.6177371893  -0.1400534816  -0.0116137186  -0.2639403947   0.0602763829
        0.0786424949  -0.0153029995  -0.0099838909  -0.0099726682  -0.0385489363
        0.0135807318   0.0382963122  -0.0886161215   0.0087993758  -0.0003490629
       -0.0004383199   0.0003578982   0.0032497690   0.0003785539   0.0013441346
       -0.0211142421  -0.0228977265   0.0101208024   0.0015844888   0.0005541888
        0.0018488993   0.0013714121   0.0007346331  -0.0002132295   0.0367105690
       -0.0161479500  -0.0019369077
        0.0051412003   0.0163509206  -0.0096517185   0.0219665163  -0.0171973804
       -0.0009763531   0.0485131102   0.0612793443  -0.0691630691  -0.0929004182
       -0.1400534816   0.1699111932   0.0054286978   0.0448264960  -0.0650076281
       -0.0222869524  -0.0014628675   0.0013355547   0.0078615064   0.0198249392
       -0.0020787416   0.0277085502   0.0033688139  -0.0384067874   0.0001216001
        0.0003969107   0.0005153092   0.0009351990   0.0015017433   0.0067297552
        0.0057680637   0.0060526078  -0.0017865430   0.0017285460   0.0016717451
        0.0075155280  -0.0003822659   0.0010819042   0.0005560441  -0.0096033533
        0.0023583044   0.0005074565
       -0.0601927971  -0.0414671806   0.0212394542  -0.0194066700   0.0322251586
       -0.0062803894   0.0344158900  -0.0154920099  -0.0021962252  -0.0649429980
       -0.0116137186   0.0054286978   0.6769362636  -0.0394087986  -0.0836097095
       -0.2838255103   0.1274356499   0.0053929726  -0.1953739581  -0.0812140058
        0.0494971388  -0.0377183538   0.0439972764  -0.0052223081  -0.0021802402
       -0.0023565205   0.0023402876   0.0001670304   0.0007972385  -0.0001306985
       -0.0028524283  -0.0027039232   0.0025598909  -0.0048182098   0.0043298174
       -0.0001090538  -0.0360577703  -0.0155821362   0.0103824366  -0.0041502482
        0.0010531527   0.0007075060
        0.0109330978   0.0562571640  -0.0179691897   0.0344653946  -0.0402108012
        0.0040219334  -0.0672979275  -0.0370496122   0.0206873656   0.0789536102
       -0.2639403947   0.0448264960  -0.0394087986   0.6040366969  -0.1255460551
        0.0527558518  -0.1316460719   0.0143589745  -0.1139970975  -0.1594839945
        0.0533953164   0.0079404491  -0.0246400953   0.0061382686  -0.0029945236
       -0.0008803151   0.0028728979   0.0005584337  -0.0001986374   0.0001425533
       -0.0016202198   0.0004484537   0.0022993775   0.0289223796  -0.0157613036
       -0.0001844492   0.0079539349   0.0154778310  -0.0056631261   0.0028354152
       -0.0024089197   0.0006196369
        0.0068333036  -0.0090598172  -0.0010768109  -0.0068593579   0.0044247287
       -0.0041596385   0.0120029507   0.0118380885  -0.0088433924  -0.0194421898
        0.0602763829  -0.0650076281  -0.0836097095  -0.1255460551   0.1714084049
        0.0259088299   0.0016510051  -0.0515199902   0.0585267274   0.0478098049
       -0.0589383252   0.0047033544   0.0000084671   0.0018486765   0.0025061329
        0.0027520207   0.0064898431  -0.0000675152   0.0001004345   0.0006378049
        0.0022601768   0.0024828412   0.0067264662  -0.0068656121   0.0040054749
        0.0015882155   0.0039037748  -0.0016618551  -0.0004694956   0.0001991340
        0.0009184791   0.0013158699
       -0.2341263153  -0.0685901053   0.0513932039   0.0382129114  -0.0694440925
        0.0128647919  -0.0567236451  -0.0039464131   0.0103022144   0.0010789055
        0.0786424949  -0.0222869524  -0.2838255103   0.0527558518   0.0259088299
        0.6485903062  -0.0126787031  -0.0884378532  -0.0434133015   0.0055391762
        0.0064297900   0.0082262517  -0.0030170929   0.0003605713  -0.0251038363
       -0.0147879688   0.0083216475   0.0010929356   0.0013663107   0.0006578645
       -0.0005401802  -0.0002109304   0.0001194536  -0.0487066674   0.0364521736
       -0.0073212594  -0.0039021777  -0.0024304267   0.0015256860  -0.0008596767
        0.0003497256   0.0001620119
       -0.1404295361  -0.1703153353   0.0588794414  -0.0142810302  -0.0449323320
        0.0152743994  -0.0094503625   0.0017301569   0.0003748238   0.0286486470
       -0.0153029995  -0.0014628675   0.1274356499  -0.1316460719   0.0016510051
       -0.0126787031   0.6424097464  -0.1443963879  -0.0214451056   0.0104509575
        0.0016768532   0.0000431644  -0.0053150494   0.0029772912   0.0077621638
        0.0057904457  -0.0029371282   0.0009548359  -0.0050450764   0.0031883564
       -0.0002560738   0.0008189122  -0.0002363820   0.0352563920  -0.2863639533
        0.0636367446  -0.0031534797  -0.0012393837   0.0011647168   0.0015934382
       -0.0010400171   0.0002091339
        0.0711224013   0.0466548325  -0.0679714642  -0.0022798539   0.0246700434
       -0.0045702043   0.0118019882  -0.0005684640  -0.0046566401  -0.0085416501
       -0.0099838909   0.0013355547   0.0053929726   0.0143589745  -0.0515199902
       -0.0884378532  -0.1443963879   0.1636570992   0.0138406934  -0.0029180509
        0.0017039729  -0.0004802441   0.0035086801   0.0046843302   0.0021306460
        0.0009065436  -0.0006856504   0.0007686958   0.0031177942   0.0061645695
        0.0001277831  -0.0002436388  -0.0001488705  -0.0069857341   0.0634289082
       -0.0490950685   0.0017100495   0.0010457151   0.0004718640  -0.0001698943
        0.0004189409   0.0006304976
       -0.0030821232   0.0029005364   0.0007326463  -0.0025393864  -0.0000781282
        0.0004819342   0.0032382338   0.0016510982   0.0001702840  -0.0252739848
       -0.0099726682   0.0078615064  -0.1953739581  -0.1139970975   0.0585267274
       -0.0434133015  -0.0214451056   0.0138406934   0.5308814637  -0.0608148872
       -0.0688036093   0.0183084596   0.0014843462  -0.0036035041  -0.0013083731
       -0.0007563465   0.0004320411   0.0001886537   0.0001292534  -0.0003253324
       -0.0001815929  -0.0004136409   0.0000348831   0.0020042498  -0.0006038932
       -0.0007212416  -0.2821861522   0.1996985538  -0.0082553004  -0.0012621885
        0.0022179794  -0.0003717279
        0.0028299617  -0.0032768611   0.0020460900  -0.0027920035   0.0015337178
        0.0000730591   0.0058271699  -0.0048199342   0.0022429311  -0.0465530029
       -0.0385489363   0.0198249392  -0.0812140058  -0.1594839945   0.0478098049
        0.0055391762   0.0104509575  -0.0029180509  -0.0608148872   0.3707253953
       -0.0835500053   0.0070148053  -0.0002784761  -0.0012801586   0.0005593764
        0.0004064210  -0.0001905077   0.0000308406   0.0000904968  -0.0004270381
       -0.0015450293  -0.0016811084   0.0005584268  -0.0008816766   0.0009045994
       -0.0009940544   0.1738101924  -0.1776160737   0.0168904985  -0.0018109171
        0.0015937966  -0.0000859346
        0.0007618026   0.0020405229   0.0052605466   0.0011943753  -0.0004148023
       -0.0001246206  -0.0009505359   0.0029783150   0.0063961993   0.0178988007
        0.0135807318  -0.0020787416   0.0494971388   0.0533953164  -0.0589383252
        0.0064297900   0.0016768532   0.0017039729  -0.0688036093  -0.0835500053
        0.0636056191  -0.0051467222  -0.0003288886   0.0003892026   0.0000835387
        0.0000424938   0.0000692716  -0.0002884562  -0.0004448668  -0.0012744333
        0.0003530557   0.0003669993  -0.0007551333  -0.0006549485  -0.0010429361
       -0.0028718721  -0.0011128125   0.0124812692  -0.0116268233   0.0007385829
       -0.0007810024   0.0002451374
       -0.0039503592  -0.0043918905   0.0018348445  -0.0059667147  -0.0001156092
        0.0022828140  -0.0445436714   0.0153886999   0.0039467592  -0.2571162731
        0.0382963122   0.0277085502  -0.0377183538   0.0079404491   0.0047033544
        0.0082262517   0.0000431644  -0.0004802441   0.0183084596   0.0070148053
       -0.0051467222   0.3598434561  -0.0697181555  -0.0376396526   0.0002864326
       -0.0001686014  -0.0002413838  -0.0021393504   0.0006819595   0.0002040883
        0.0037651266   0.0006576729  -0.0011627776  -0.0003219837  -0.0000890569
        0.0000331394  -0.0007845014   0.0033181041  -0.0012114516  -0.0378885189
        0.0011421461   0.0051686820
        0.0012324688   0.0024559547  -0.0009407073   0.0001608120  -0.0036288571
        0.0029026610  -0.0181131856   0.0056934835   0.0024991882   0.0702853329
       -0.0886161215   0.0033688139   0.0439972764  -0.0246400953   0.0000084671
       -0.0030170929  -0.0053150494   0.0035086801   0.0014843462  -0.0002784761
       -0.0003288886  -0.0697181555   0.5212152918  -0.1240794876  -0.0001834107
        0.0000757234  -0.0003780940  -0.0006516102   0.0002700937   0.0000945115
       -0.0022214236   0.0020609422  -0.0007303445   0.0015374198  -0.0006255085
       -0.0001702129  -0.0012751207   0.0000427103  -0.0004964141  -0.0235176570
       -0.4087100917   0.1147418273
        0.0003072766   0.0000199862  -0.0002648236   0.0021595068   0.0029798872
        0.0059015458   0.0131862679  -0.0032159913   0.0021617204   0.0189199519
        0.0087993758  -0.0384067874  -0.0052223081   0.0061382686   0.0018486765
        0.0003605713   0.0029772912   0.0046843302  -0.0036035041  -0.0012801586
        0.0003892026  -0.0376396526  -0.1240794876   0.0670403783  -0.0002380725
       -0.0003788308  -0.0012618308   0.0005809883  -0.0001320252   0.0001492006
       -0.0003699612  -0.0012233059  -0.0015859346  -0.0004164284   0.0001023340
       -0.0002569769   0.0000352024  -0.0012724924  -0.0022216829   0.0119401618
        0.1105651489  -0.0381770182
       -0.2631379905   0.0936452054   0.0134640605  -0.0067052322   0.0041821910
       -0.0000123943   0.0009919775   0.0015626179   0.0006425556   0.0005055904
       -0.0003490629   0.0001216001  -0.0021802402  -0.0029945236   0.0025061329
       -0.0251038363   0.0077621638   0.0021306460  -0.0013083731   0.0005593764
        0.0000835387   0.0002864326  -0.0001834107  -0.0002380725   0.2954830419
       -0.1039316595  -0.0176955431   0.0008514219  -0.0008009193  -0.0003485080
       -0.0003627175   0.0001486185   0.0000543640   0.0007589879   0.0005086741
       -0.0007072849  -0.0001964894  -0.0001020093   0.0000422817   0.0001174270
       -0.0000072617  -0.0000433766
        0.0936099808  -0.0827650475  -0.0022833252   0.0271340110  -0.0131616955
       -0.0010182440   0.0012210970  -0.0048524105   0.0031244581  -0.0005867756
       -0.0004383199   0.0003969107  -0.0023565205  -0.0008803151   0.0027520207
       -0.0147879688   0.0057904457   0.0009065436  -0.0007563465   0.0004064210
        0.0000424938  -0.0001686014   0.0000757234  -0.0003788308  -0.1039316595
        0.0954261492  -0.0019278151   0.0005761550   0.0004929501  -0.0009161252
        0.0014392496  -0.0007052129   0.0000026931  -0.0009556474   0.0006734984
       -0.0007279927  -0.0003202940  -0.0000832959   0.0000477902  -0.0001166797
        0.0000211096  -0.0000205772
        0.0134806564  -0.0022910644  -0.0347086338  -0.0063247833   0.0028965632
        0.0002369387   0.0007390389   0.0030652712   0.0063139185   0.0001862693
        0.0003578982   0.0005153092   0.0023402876   0.0028728979   0.0064898431
        0.0083216475  -0.0029371282  -0.0006856504   0.0004320411  -0.0001905077
        0.0000692716  -0.0002413838  -0.0003780940  -0.0012618308  -0.0176955431
       -0.0019278151   0.0275147315  -0.0007269811  -0.0006827551  -0.0021732639
       -0.0003002162   0.0002221623   0.0001874971  -0.0003048748  -0.0009773132
       -0.0022522808   0.0001047811   0.0000099957  -0.0001251071  -0.0000109395
       -0.0000401108  -0.0001207430
        0.0020815485   0.0005437997  -0.0005243451  -0.1950100999  -0.1137593359
        0.0589884922  -0.0251656328  -0.0157523807   0.0085773695  -0.0034322171
        0.0032497690   0.0009351990   0.0001670304   0.0005584337  -0.0000675152
        0.0010929356   0.0009548359   0.0007686958   0.0001886537   0.0000308406
       -0.0002884562  -0.0021393504  -0.0006516102   0.0005809883   0.0008514219
        0.0005761550  -0.0007269811   0.2203033839   0.1249630651  -0.0678339895
        0.0006985756  -0.0007458381  -0.0003487380   0.0000820465   0.0001357872
       -0.0000183926   0.0001235147   0.0000728842  -0.0000565512   0.0001581893
       -0.0001764057   0.0000142242
       -0.0223489831  -0.0190785110   0.0090132505  -0.1139777752  -0.1296553800
        0.0461959011   0.0073384711   0.0055548027  -0.0028342120   0.0023568728
        0.0003785539   0.0015017433   0.0007972385  -0.0001986374   0.0001004345
        0.0013663107  -0.0050450764   0.0031177942   0.0001292534   0.0000904968
       -0.0004448668   0.0006819595   0.0002700937  -0.0001320252  -0.0008009193
        0.0004929501  -0.0006827551   0.1249630651   0.1472187831  -0.0552464058
        0.0006262307   0.0007669084  -0.0010167843  -0.0011071869  -0.0008827174
        0.0004842974  -0.0000084967   0.0000434795  -0.0000348627  -0.0000160406
        0.0000442539  -0.0000215092
        0.0057630971   0.0051156150  -0.0025096836   0.0590439587   0.0461589301
       -0.0549083219   0.0022415699   0.0011001789  -0.0009033383   0.0011868350
        0.0013441346   0.0067297552  -0.0001306985   0.0001425533   0.0006378049
        0.0006578645   0.0031883564   0.0061645695  -0.0003253324  -0.0004270381
       -0.0012744333   0.0002040883   0.0000945115   0.0001492006  -0.0003485080
       -0.0009161252  -0.0021732639  -0.0678339895  -0.0552464058   0.0503249122
       -0.0007244575  -0.0007848738  -0.0022050812   0.0003229860   0.0002735995
        0.0000670874  -0.0000298652  -0.0000546322  -0.0000688847  -0.0000275484
        0.0000111959  -0.0000303228
       -0.0049052691   0.0025626661   0.0013678001  -0.0052388026   0.0269767179
       -0.0065407774  -0.0500560505   0.0357728358  -0.0066774038   0.0010399447
       -0.0211142421   0.0057680637  -0.0028524283  -0.0016202198   0.0022601768
       -0.0005401802  -0.0002560738   0.0001277831  -0.0001815929  -0.0015450293
        0.0003530557   0.0037651266  -0.0022214236  -0.0003699612  -0.0003627175
        0.0014392496  -0.0003002162   0.0006985756   0.0006262307  -0.0007244575
        0.0591850289  -0.0415890925   0.0052313320  -0.0000501769  -0.0000697515
       -0.0002294664   0.0001427252  -0.0000836220   0.0000269860  -0.0006441830
        0.0011217544  -0.0002929148
        0.0031181936   0.0006353898   0.0012852850   0.0041043772  -0.0139491575
        0.0030975929   0.0361885792  -0.2740978187   0.0604682182   0.0027762670
       -0.0228977265   0.0060526078  -0.0027039232   0.0004484537   0.0024828412
       -0.0002109304   0.0008189122  -0.0002436388  -0.0004136409  -0.0016811084
        0.0003669993   0.0006576729   0.0020609422  -0.0012233059   0.0001486185
       -0.0007052129   0.0002221623  -0.0007458381   0.0007669084  -0.0007848738
       -0.0415890925   0.3086873315  -0.0714459226  -0.0000663048   0.0000024989
       -0.0004047149   0.0002189504   0.0000191214   0.0000027911  -0.0014829291
       -0.0001085341   0.0001239581
        0.0012142887   0.0013820622   0.0066667340  -0.0002548073  -0.0007988017
        0.0001318035  -0.0067908505   0.0605345624  -0.0470390121  -0.0007918613
        0.0101208024  -0.0017865430   0.0025598909   0.0022993775   0.0067264662
        0.0001194536  -0.0002363820  -0.0001488705   0.0000348831   0.0005584268
       -0.0007551333  -0.0011627776  -0.0007303445  -0.0015859346   0.0000543640
        0.0000026931   0.0001874971  -0.0003487380  -0.0010167843  -0.0022050812
        0.0052313320  -0.0714459226   0.0415597253  -0.0002315908  -0.0004039009
       -0.0013636091  -0.0000547451   0.0000520034   0.0001595248   0.0004211582
       -0.0003177919  -0.0005475672
        0.0029784750  -0.0209406522   0.0052217400  -0.0028349366  -0.0026666694
        0.0024603098  -0.0006112480  -0.0001538989   0.0001207747  -0.0044310868
        0.0015844888   0.0017285460  -0.0048182098   0.0289223796  -0.0068656121
       -0.0487066674   0.0352563920  -0.0069857341   0.0020042498  -0.0008816766
       -0.0006549485  -0.0003219837   0.0015374198  -0.0004164284   0.0007589879
       -0.0009556474  -0.0003048748   0.0000820465  -0.0011071869   0.0003229860
       -0.0000501769  -0.0000663048  -0.0002315908   0.0557467061  -0.0406073183
        0.0056884183   0.0005548646  -0.0002446239  -0.0000063971  -0.0003510209
        0.0003232982  -0.0000771890
        0.0010107637  -0.0187765015   0.0049510017  -0.0030238818  -0.0005373812
        0.0026680125  -0.0000388013   0.0008855651  -0.0002727282   0.0026140901
        0.0005541888   0.0016717451   0.0043298174  -0.0157613036   0.0040054749
        0.0364521736  -0.2863639533   0.0634289082  -0.0006038932   0.0009045994
       -0.0010429361  -0.0000890569  -0.0006255085   0.0001023340   0.0005086741
        0.0006734984  -0.0009773132   0.0001357872  -0.0008827174   0.0002735995
       -0.0000697515   0.0000024989  -0.0004039009  -0.0406073183   0.3197322752
       -0.0744222269  -0.0006616771   0.0002897696   0.0000774791   0.0000430742
       -0.0000950301  -0.0000594498
       -0.0008083927   0.0086823815  -0.0023824694   0.0025612710   0.0026104020
        0.0061445446   0.0000863744  -0.0002532060  -0.0000759351   0.0014413025
        0.0018488993   0.0075155280  -0.0001090538  -0.0001844492   0.0015882155
       -0.0073212594   0.0636367446  -0.0490950685  -0.0007212416  -0.0009940544
       -0.0028718721   0.0000331394  -0.0001702129  -0.0002569769  -0.0007072849
       -0.0007279927  -0.0022522808  -0.0000183926   0.0004842974   0.0000670874
       -0.0002294664  -0.0004047149  -0.0013636091   0.0056884183  -0.0744222269
        0.0431194565   0.0001073612   0.0000061510   0.0001246327  -0.0000027754
       -0.0001120188  -0.0002612526
       -0.0014592557   0.0008625304   0.0002173982   0.0005762131  -0.0001630914
       -0.0000725045  -0.0013499357  -0.0001774158   0.0002135685   0.0008121628
        0.0013714121  -0.0003822659  -0.0360577703   0.0079539349   0.0039037748
       -0.0039021777  -0.0031534797   0.0017100495  -0.2821861522   0.1738101924
       -0.0011128125  -0.0007845014  -0.0012751207   0.0000352024  -0.0001964894
       -0.0003202940   0.0001047811   0.0001235147  -0.0000084967  -0.0000298652
        0.0001427252   0.0002189504  -0.0000547451   0.0005548646  -0.0006616771
        0.0001073612   0.3231289602  -0.1787816662  -0.0044610951   0.0005978417
        0.0003242214  -0.0001788472
       -0.0005273154   0.0001571184   0.0003756666  -0.0005458377   0.0003552983
       -0.0000390299   0.0012048739   0.0003366548  -0.0003974334  -0.0062540738
        0.0007346331   0.0010819042  -0.0155821362   0.0154778310  -0.0016618551
       -0.0024304267  -0.0012393837   0.0010457151   0.1996985538  -0.1776160737
        0.0124812692   0.0033181041   0.0000427103  -0.0012724924  -0.0001020093
       -0.0000832959   0.0000099957   0.0000728842   0.0000434795  -0.0000546322
       -0.0000836220   0.0000191214   0.0000520034  -0.0002446239   0.0002897696
        0.0000061510  -0.1787816662   0.1608238517  -0.0114187339   0.0002572951
        0.0006582852  -0.0002085282
        0.0005971078   0.0001453247   0.0010641388   0.0000348764  -0.0001142883
       -0.0000968407  -0.0001681985  -0.0001643159  -0.0003028265   0.0017117247
       -0.0002132295   0.0005560441   0.0103824366  -0.0056631261  -0.0004694956
        0.0015256860   0.0011647168   0.0004718640  -0.0082553004   0.0168904985
       -0.0116268233  -0.0012114516  -0.0004964141  -0.0022216829   0.0000422817
        0.0000477902  -0.0001251071  -0.0000565512  -0.0000348627  -0.0000688847
        0.0000269860   0.0000027911   0.0001595248  -0.0000063971   0.0000774791
        0.0001246327  -0.0044610951  -0.0114187339   0.0123921976  -0.0001621052
       -0.0002236301   0.0001432589
        0.0004555814   0.0003752109  -0.0001612642   0.0000680081  -0.0003250244
        0.0001205863   0.0009393124   0.0015616282  -0.0007458291  -0.0033076729
        0.0367105690  -0.0096033533  -0.0041502482   0.0028354152   0.0001991340
       -0.0008596767   0.0015934382  -0.0001698943  -0.0012621885  -0.0018109171
        0.0007385829  -0.0378885189  -0.0235176570   0.0119401618   0.0001174270
       -0.0001166797  -0.0000109395   0.0001581893  -0.0000160406  -0.0000275484
       -0.0006441830  -0.0014829291   0.0004211582  -0.0003510209   0.0000430742
       -0.0000027754   0.0005978417   0.0002572951  -0.0001621052   0.0461271492
       -0.0161073831  -0.0025359138
       -0.0002584609   0.0002643089   0.0000033326   0.0000835935  -0.0003364389
        0.0001507690  -0.0014976830   0.0027302415  -0.0007524389   0.0114313229
       -0.0161479500   0.0023583044   0.0010531527  -0.0024089197   0.0009184791
        0.0003497256  -0.0010400171   0.0004189409   0.0022179794   0.0015937966
       -0.0007810024   0.0011421461  -0.4087100917   0.1105651489  -0.0000072617
        0.0000211096  -0.0000401108  -0.0001764057   0.0000442539   0.0000111959
        0.0011217544  -0.0001085341  -0.0003177919   0.0003232982  -0.0000950301
       -0.0001120188   0.0003242214   0.0006582852  -0.0002236301  -0.0161073831
        0.4235349858  -0.1121991778
        0.0000128965  -0.0001215643   0.0001339810   0.0000116368   0.0002258292
        0.0001824954   0.0000858650  -0.0012667365  -0.0005789874  -0.0026628531
       -0.0019369077   0.0005074565   0.0007075060   0.0006196369   0.0013158699
        0.0001620119   0.0002091339   0.0006304976  -0.0003717279  -0.0000859346
        0.0002451374   0.0051686820   0.1147418273  -0.0381770182  -0.0000433766
       -0.0000205772  -0.0001207430   0.0000142242  -0.0000215092  -0.0000303228
       -0.0002929148   0.0001239581  -0.0005475672  -0.0000771890  -0.0000594498
       -0.0002612526  -0.0001788472  -0.0002085282   0.0001432589  -0.0025359138
       -0.1121991778   0.0365571945
