           1           2   1.44503317167853     
           2           3   1.42069982999507     
           3           4   1.40873625591840     
           4           5   1.30040608374871     
           1           6   1.43191557840642     
           5           6   1.39045014538787     
           5           7   1.08232397013193     
           4           8   1.03947986443218     
           1           9  0.970889614030077     
           2          10  0.971316623711273     
           3          11  0.966433896124993     
           6          12  0.967558109923709     
           7          13  0.875620819258240     
           8          14  0.889194839193799     
