           1           2   1.01865532677101     
           2           3   1.00806355579083     
           3           4  0.995118711130872     
           4           5  0.996486280813155     
           5           6   1.00810468743094     
           6           7   1.00899552892100     
           7           8   1.00913478223021     
           4           9  0.998397301582436     
           8           9   1.00772247991211     
           1          10  0.987891709904542     
           1          11  0.988082186403509     
           1          12  0.987589544596154     
           2          13  0.978349995252666     
           2          14  0.976451063096561     
           3          15  0.976880555532339     
           3          16  0.975200819495278     
           4          17  0.966927235066934     
           5          18  0.976751776827076     
           5          19  0.976712591887120     
           6          20  0.977681218552032     
           6          21  0.977612816527675     
           7          22  0.977658943720249     
           7          23  0.977861602956351     
           8          24  0.977723194278490     
           8          25  0.977726976011608     
           9          26  0.974457194022194     
           9          27  0.976425365021328     
