           1           2   1.01865532751170     
           2           3   1.00806355656393     
           3           4  0.995118710884576     
           4           5  0.996486280478251     
           5           6   1.00810468792866     
           6           7   1.00899552902390     
           7           8   1.00913478179646     
           4           9  0.998397301651908     
           8           9   1.00772248055434     
           1          10  0.987891709543381     
           1          11  0.988082186630424     
           1          12  0.987589544587351     
           2          13  0.978349994594172     
           2          14  0.976451062035855     
           3          15  0.976880556065359     
           3          16  0.975200819734400     
           4          17  0.966927236427732     
           5          18  0.976751778477673     
           5          19  0.976712592962593     
           6          20  0.977681217003829     
           6          21  0.977612815461700     
           7          22  0.977658944507186     
           7          23  0.977861603658505     
           8          24  0.977723194877214     
           8          25  0.977726976052563     
           9          26  0.974457192983935     
           9          27  0.976425364059443     
