$hessian                                                                        
        0.4780883228  -0.0076007300  -0.0022588287  -0.2329421275  -0.0032656564
       -0.0043527027  -0.0183206537  -0.0014546026  -0.0007311068  -0.0027101890
       -0.0006689332  -0.0003644738  -0.0046904376   0.0005362312  -0.0000160446
       -0.0187853947   0.0082620260   0.0019314409  -0.0679525635   0.0735173786
        0.0192980605  -0.0634511652  -0.0167511401  -0.0682868891  -0.0683546635
       -0.0532688402   0.0546210647   0.0004614338   0.0005106740   0.0001455812
       -0.0006720586   0.0003811516   0.0001005246  -0.0006705032  -0.0001975590
       -0.0000866263
       -0.0076007300   0.5267244098   0.0100101039  -0.0026071644  -0.0634613845
       -0.0026307674  -0.0183174742   0.0010484128   0.0002880160  -0.0028388065
       -0.0017366503  -0.0023983156  -0.0000365080  -0.0048183774  -0.0021582096
        0.0329968595  -0.0024010938   0.0011534852   0.0722163002  -0.2506694421
       -0.0542838861  -0.0179470544  -0.0570808890  -0.0539573520  -0.0559570340
       -0.1488206893   0.1039688839  -0.0004284610   0.0002438073   0.0001352161
       -0.0008393929   0.0006945508   0.0000482710   0.0013594657   0.0002773456
       -0.0001754454
       -0.0022588287   0.0100101039   0.4915329233  -0.0041738771  -0.0026156847
       -0.0546301570  -0.0052465536   0.0006061632  -0.0012747828  -0.0009487453
       -0.0023534142   0.0063339467  -0.0001876059  -0.0021502325   0.0026364063
        0.0086243858   0.0006541033  -0.0039913562   0.0189185050  -0.0542627351
       -0.0575450585  -0.0714862867  -0.0538085945  -0.2404501089   0.0567768286
        0.1039009751  -0.1438057836  -0.0001021235   0.0001538347  -0.0002605854
       -0.0002483178   0.0000709967   0.0004745985   0.0003326191  -0.0002055160
        0.0009799575
       -0.2329421275  -0.0026071644  -0.0041738771   0.7475146515   0.0945128532
        0.0370875646  -0.2184432634  -0.1705940627  -0.0491580692  -0.0644835161
        0.0111203285   0.0016815504  -0.0626122321   0.0215766305   0.0043724264
       -0.1071932406   0.0434498421   0.0107630378  -0.0127366039   0.0043535434
        0.0009458953  -0.0208137138  -0.0032756369  -0.0073521062  -0.0219779113
       -0.0062990269   0.0039164916   0.0044597413   0.0060379743   0.0018138535
       -0.0049491890   0.0033763991   0.0007276949  -0.0058225952  -0.0016516802
       -0.0006244620
       -0.0032656564  -0.0634613845  -0.0026156847   0.0945128532   0.5417316142
        0.1090836169  -0.1352292766  -0.2449550863  -0.0557931824  -0.0474884638
        0.0399339961   0.0088393627   0.0310969613  -0.0316814794  -0.0107206488
        0.0814009578  -0.2195589794  -0.0411742319   0.0285137840  -0.0037620017
       -0.0005396702  -0.0100654075   0.0006961372  -0.0017101355  -0.0231264941
       -0.0003052984   0.0006963795  -0.0158277050  -0.0167378894  -0.0032668857
        0.0000481907  -0.0015400123  -0.0017307971  -0.0005697435  -0.0003596162
       -0.0010681229
       -0.0043527027  -0.0026307674  -0.0546301570   0.0370875646   0.1090836169
        0.1725793609  -0.0396609467  -0.0564992840  -0.0628116119  -0.0140593039
        0.0099437888   0.0060929642   0.0068995838  -0.0109083453   0.0076423435
        0.0210131533  -0.0419533395  -0.0711673903   0.0074136538  -0.0009228856
       -0.0001551516  -0.0291305803  -0.0004014459  -0.0002743510   0.0193552250
       -0.0001633048   0.0017438582  -0.0040525555  -0.0028457840  -0.0065650467
       -0.0001781066  -0.0016181914   0.0042764611  -0.0003349847  -0.0010840579
        0.0032687207
       -0.0183206537  -0.0183174742  -0.0052465536  -0.2184432634  -0.1352292766
       -0.0396609467   0.5589571489   0.0001363283   0.0088260992  -0.2514731932
        0.0494093674   0.0093308411   0.0111430569   0.0780155197   0.0210686600
       -0.0107535873  -0.0335055022  -0.0093579722   0.0015740099  -0.0007857186
       -0.0002129740  -0.0015382227  -0.0005175851   0.0008678476  -0.0015597739
       -0.0000385005  -0.0010479324  -0.0519495960   0.0505410855   0.0131270902
       -0.0173553212   0.0103782222   0.0024774893  -0.0002806043  -0.0000864660
       -0.0001716483
       -0.0014546026   0.0010484128   0.0006061632  -0.1705940627  -0.2449550863
       -0.0564992840   0.0001363283   0.7749778239   0.1797919124   0.1030382192
       -0.1227383013  -0.0178739603   0.0166248956  -0.0396535809  -0.0116922822
        0.0105441083  -0.0779757432  -0.0233005626   0.0011082088   0.0007633813
        0.0002994733   0.0017815848   0.0003961568   0.0006527690   0.0009238280
        0.0005312986  -0.0001136816   0.0516651018  -0.2946082816  -0.0707983928
       -0.0118804322   0.0065243135   0.0020928081  -0.0018931773  -0.0043103937
       -0.0031649625
       -0.0007311068   0.0002880160  -0.0012747828  -0.0491580692  -0.0557931824
       -0.0628116119   0.0088260992   0.1797919124   0.1541134398   0.0237458533
       -0.0189090545  -0.0534495392   0.0046093749  -0.0105010535   0.0024084322
        0.0024360605  -0.0241626523   0.0029932096   0.0003352505   0.0002378781
       -0.0001245842  -0.0012772318   0.0000497716  -0.0003366301   0.0019636410
        0.0004330490  -0.0004256971   0.0133977829  -0.0708148156  -0.0461000475
       -0.0034898429   0.0025151889  -0.0014840825  -0.0006578115  -0.0031350576
        0.0064918937
       -0.0027101890  -0.0028388065  -0.0009487453  -0.0644835161  -0.0474884638
       -0.0140593039  -0.2514731932   0.1030382192   0.0237458533   0.7155765122
        0.1296412551   0.0466020808  -0.0848582052  -0.0744715509  -0.0207529704
       -0.0482387476  -0.0145414883  -0.0050706444   0.0002475446  -0.0001670130
       -0.0000131530  -0.0012453165   0.0000004932   0.0001876627  -0.0011815808
        0.0001281740  -0.0002185622  -0.0018767411   0.0003393056   0.0000821089
       -0.2639384125  -0.1102607712  -0.0341719532   0.0041818453   0.0166206465
        0.0046176269
       -0.0006689332  -0.0017366503  -0.0023534142   0.0111203285   0.0399339961
        0.0099437888   0.0494093674  -0.1227383013  -0.0189090545   0.1296412551
        0.6360874678   0.1446228263  -0.0461418197  -0.3809238129  -0.0911989971
       -0.0532005531  -0.0505363544  -0.0173501744   0.0002118479   0.0000971822
        0.0000399720   0.0003570967  -0.0003321238   0.0003792761   0.0011696413
        0.0000754167  -0.0004761803   0.0228889990  -0.0084760496  -0.0011796283
       -0.1112109742  -0.0960636460  -0.0203289431  -0.0035762559  -0.0153871245
       -0.0031894711
       -0.0003644738  -0.0023983156   0.0063339467   0.0016815504   0.0088393627
        0.0060929642   0.0093308411  -0.0178739603  -0.0534495392   0.0466020808
        0.1446228263   0.1468303426  -0.0131786392  -0.0917452603  -0.0696836882
       -0.0154157042  -0.0166254647   0.0055209634   0.0000634966   0.0000434365
       -0.0000690370   0.0016595576   0.0002194327   0.0003575032  -0.0013034534
       -0.0003557213  -0.0001255644   0.0061611080  -0.0016176238  -0.0027408810
       -0.0344304692  -0.0203138017  -0.0345168248  -0.0008058947  -0.0027949104
       -0.0045501856
       -0.0046904376  -0.0000365080  -0.0001876059  -0.0626122321   0.0310969613
        0.0068995838   0.0111430569   0.0166248956   0.0046093749  -0.0848582052
       -0.0461418197  -0.0131786392   0.5602338060  -0.0835606254  -0.0136519410
       -0.2667268391  -0.0268812195  -0.0112947407  -0.0007311596  -0.0008538627
       -0.0002447447  -0.0019535085   0.0008335600  -0.0004071522  -0.0019620682
        0.0006208285   0.0007498804  -0.0047236879   0.0000183721  -0.0001544201
       -0.0037605974  -0.0224418282  -0.0059810986  -0.1393581274   0.1307212459
        0.0328415033
        0.0005362312  -0.0048183774  -0.0021502325   0.0215766305  -0.0316814794
       -0.0109083453   0.0780155197  -0.0396535809  -0.0105010535  -0.0744715509
       -0.3809238129  -0.0917452603  -0.0835606254   0.7554150856   0.1734691252
       -0.0726114371  -0.0811272354  -0.0082932913   0.0011345194  -0.0003676676
       -0.0001411384  -0.0011961237   0.0003388644  -0.0002071580  -0.0009480284
        0.0002094729   0.0003385058   0.0037995628  -0.0017567641  -0.0016484189
       -0.0006031596  -0.0080778139  -0.0007576061   0.1283284615  -0.2075566912
       -0.0474551267
       -0.0000160446  -0.0021582096   0.0026364063   0.0043724264  -0.0107206488
        0.0076423435   0.0210686600  -0.0116922822   0.0024084322  -0.0207529704
       -0.0911989971  -0.0696836882  -0.0136519410   0.1734691252   0.1499238710
       -0.0235496284  -0.0074129487  -0.0579150051   0.0002866676  -0.0001699223
        0.0001623238   0.0001516074   0.0001360688  -0.0000917410  -0.0008010152
        0.0000622325   0.0000474202   0.0008377824  -0.0017365958   0.0042561526
       -0.0001338948  -0.0011692528  -0.0056475638   0.0321883508  -0.0474085693
       -0.0337389516
       -0.0187853947   0.0329968595   0.0086243858  -0.1071932406   0.0814009578
        0.0210131533  -0.0107535873   0.0105441083   0.0024360605  -0.0482387476
       -0.0532005531  -0.0154157042  -0.2667268391  -0.0726114371  -0.0235496284
        0.4810289455   0.0051414406   0.0090150487  -0.0077134694   0.0009906963
        0.0000517088   0.0026321225  -0.0002707464   0.0005669737   0.0026611738
       -0.0001180717  -0.0006110751  -0.0020777283   0.0005465471  -0.0000860826
       -0.0006641331  -0.0053338869  -0.0016616242  -0.0241691017  -0.0000859144
       -0.0003832163
        0.0082620260  -0.0024010938   0.0006541033   0.0434498421  -0.2195589794
       -0.0419533395  -0.0335055022  -0.0779757432  -0.0241626523  -0.0145414883
       -0.0505363544  -0.0166254647  -0.0268812195  -0.0811272354  -0.0074129487
        0.0051414406   0.4371627463   0.0942587753   0.0007940794   0.0009174602
        0.0001268290  -0.0002773036  -0.0001701316   0.0001834179  -0.0003854935
        0.0000442121  -0.0004889089  -0.0062436254  -0.0046779961  -0.0037795940
        0.0009510736  -0.0054137813  -0.0038613100   0.0232361708   0.0037368965
        0.0030610927
        0.0019314409   0.0011534852  -0.0039913562   0.0107630378  -0.0411742319
       -0.0711673903  -0.0093579722  -0.0233005626   0.0029932096  -0.0050706444
       -0.0173501744   0.0055209634  -0.0112947407  -0.0082932913  -0.0579150051
        0.0090150487   0.0942587753   0.1120303279   0.0000475724   0.0000532644
        0.0008284216  -0.0002459945  -0.0003087691   0.0004780573   0.0001474850
        0.0000209609   0.0003589930  -0.0018937215  -0.0036395319   0.0079109410
        0.0000694602  -0.0040259796   0.0081185709   0.0058890285   0.0026060549
       -0.0051657333
       -0.0679525635   0.0722163002   0.0189185050  -0.0127366039   0.0285137840
        0.0074136538   0.0015740099   0.0011082088   0.0003352505   0.0002475446
        0.0002118479   0.0000634966  -0.0007311596   0.0011345194   0.0002866676
       -0.0077134694   0.0007940794   0.0000475724   0.0801012959  -0.0856039455
       -0.0223268858   0.0037173365  -0.0083282197  -0.0023417507   0.0039927274
       -0.0093966270  -0.0022077375  -0.0002267741  -0.0004619843  -0.0001300931
        0.0001315080  -0.0000669850  -0.0000168384  -0.0004038518  -0.0001209780
       -0.0000418403
        0.0735173786  -0.2506694421  -0.0542627351   0.0043535434  -0.0037620017
       -0.0009228856  -0.0007857186   0.0007633813   0.0002378781  -0.0001670130
        0.0000971822   0.0000434365  -0.0008538627  -0.0003676676  -0.0001699223
        0.0009906963   0.0009174602   0.0000532644  -0.0856039455   0.2872890069
        0.0632542510   0.0024340012  -0.0100512696  -0.0047370638   0.0062573033
       -0.0246833514  -0.0035860268  -0.0000963833   0.0003027890   0.0000561918
       -0.0000613957   0.0000706869   0.0000262439   0.0000153960   0.0000932258
        0.0000073680
        0.0192980605  -0.0542838861  -0.0575450585   0.0009458953  -0.0005396702
       -0.0001551516  -0.0002129740   0.0002994733  -0.0001245842  -0.0000131530
        0.0000399720  -0.0000690370  -0.0002447447  -0.0001411384   0.0001623238
        0.0000517088   0.0001268290   0.0008284216  -0.0223268858   0.0632542510
        0.0621916976   0.0085781271  -0.0291555600  -0.0099052051  -0.0060322524
        0.0203166066   0.0044577169  -0.0000280960   0.0000531798   0.0000983549
       -0.0000137005   0.0000242149  -0.0000132933  -0.0000019853   0.0000057281
        0.0000738148
       -0.0634511652  -0.0179470544  -0.0714862867  -0.0208137138  -0.0100654075
       -0.0291305803  -0.0015382227   0.0017815848  -0.0012772318  -0.0012453165
        0.0003570967   0.0016595576  -0.0019535085  -0.0011961237   0.0001516074
        0.0026321225  -0.0002773036  -0.0002459945   0.0037173365   0.0024340012
        0.0085781271   0.0784342810   0.0228420007   0.0823148091   0.0041860130
        0.0018676709   0.0090118119   0.0000129959   0.0001359621   0.0000719414
       -0.0001306492   0.0001236643   0.0002205429   0.0001498271  -0.0000560916
        0.0001316959
       -0.0167511401  -0.0570808890  -0.0538085945  -0.0032756369   0.0006961372
       -0.0004014459  -0.0005175851   0.0003961568   0.0000497716   0.0000004932
       -0.0003321238   0.0002194327   0.0008335600   0.0003388644   0.0001360688
       -0.0002707464  -0.0001701316  -0.0003087691  -0.0083282197  -0.0100512696
       -0.0291555600   0.0228420007   0.0616888665   0.0622484526   0.0053672082
        0.0044078853   0.0212119463   0.0001116900   0.0000866923  -0.0000977041
       -0.0000106386   0.0000008911  -0.0000144066  -0.0000009854   0.0000189203
       -0.0000791918
       -0.0682868891  -0.0539573520  -0.2404501089  -0.0073521062  -0.0017101355
       -0.0002743510   0.0008678476   0.0006527690  -0.0003366301   0.0001876627
        0.0003792761   0.0003575032  -0.0004071522  -0.0002071580  -0.0000917410
        0.0005669737   0.0001834179   0.0004780573  -0.0023417507  -0.0047370638
       -0.0099052051   0.0823148091   0.0622484526   0.2768743150  -0.0057762952
       -0.0030286400  -0.0267112868   0.0000817496   0.0001228469   0.0000163437
        0.0000471314   0.0000365748   0.0000460285   0.0000980194   0.0000170122
       -0.0000029249
       -0.0683546635  -0.0559570340   0.0567768286  -0.0219779113  -0.0231264941
        0.0193552250  -0.0015597739   0.0009238280   0.0019636410  -0.0011815808
        0.0011696413  -0.0013034534  -0.0019620682  -0.0009480284  -0.0008010152
        0.0026611738  -0.0003854935   0.0001474850   0.0039927274   0.0062573033
       -0.0060322524   0.0041860130   0.0053672082  -0.0057762952   0.0841442718
        0.0663060680  -0.0640678583   0.0000148091   0.0001555366   0.0000073197
       -0.0001216709   0.0002213608  -0.0001333902   0.0001586734   0.0000161038
       -0.0001362345
       -0.0532688402  -0.1488206893   0.1039009751  -0.0062990269  -0.0003052984
       -0.0001633048  -0.0000385005   0.0005312986   0.0004330490   0.0001281740
        0.0000754167  -0.0003557213   0.0006208285   0.0002094729   0.0000622325
       -0.0001180717   0.0000442121   0.0000209609  -0.0093966270  -0.0246833514
        0.0203166066   0.0018676709   0.0044078853  -0.0030286400   0.0663060680
        0.1684568585  -0.1214041885   0.0001365015   0.0000767553   0.0001417481
        0.0000157939   0.0000203667   0.0000009303   0.0000460294  -0.0000129270
        0.0000753520
        0.0546210647   0.1039688839  -0.1438057836   0.0039164916   0.0006963795
        0.0017438582  -0.0010479324  -0.0001136816  -0.0004256971  -0.0002185622
       -0.0004761803  -0.0001255644   0.0007498804   0.0003385058   0.0000474202
       -0.0006110751  -0.0004889089   0.0003589930  -0.0022077375  -0.0035860268
        0.0044577169   0.0090118119   0.0212119463  -0.0267112868  -0.0640678583
       -0.1214041885   0.1643973232  -0.0000140284  -0.0000797007   0.0000216515
       -0.0000498445  -0.0000439101   0.0000198940  -0.0000822102  -0.0000231186
        0.0000214749
        0.0004614338  -0.0004284610  -0.0001021235   0.0044597413  -0.0158277050
       -0.0040525555  -0.0519495960   0.0516651018   0.0133977829  -0.0018767411
        0.0228889990   0.0061611080  -0.0047236879   0.0037995628   0.0008377824
       -0.0020777283  -0.0062436254  -0.0018937215  -0.0002267741  -0.0000963833
       -0.0000280960   0.0000129959   0.0001116900   0.0000817496   0.0000148091
        0.0001365015  -0.0000140284   0.0550448723  -0.0573525273  -0.0147695319
        0.0004449440   0.0001095574   0.0000537566   0.0004157310   0.0012372895
        0.0003278772
        0.0005106740   0.0002438073   0.0001538347   0.0060379743  -0.0167378894
       -0.0028457840   0.0505410855  -0.2946082816  -0.0708148156   0.0003393056
       -0.0084760496  -0.0016176238   0.0000183721  -0.0017567641  -0.0017365958
        0.0005465471  -0.0046779961  -0.0036395319  -0.0004619843   0.0003027890
        0.0000531798   0.0001359621   0.0000866923   0.0001228469   0.0001555366
        0.0000767553  -0.0000797007  -0.0573525273   0.3254929149   0.0803819800
       -0.0002786205   0.0002490294   0.0002489128  -0.0001923250  -0.0001950075
       -0.0002267025
        0.0001455812   0.0001352161  -0.0002605854   0.0018138535  -0.0032668857
       -0.0065650467   0.0131270902  -0.0707983928  -0.0461000475   0.0000821089
       -0.0011796283  -0.0027408810  -0.0001544201  -0.0016484189   0.0042561526
       -0.0000860826  -0.0037795940   0.0079109410  -0.0001300931   0.0000561918
        0.0000983549   0.0000719414  -0.0000977041   0.0000163437   0.0000073197
        0.0001417481   0.0000216515  -0.0147695319   0.0803819800   0.0434057801
       -0.0000505169   0.0002560715  -0.0006255180  -0.0000572504  -0.0002005837
        0.0005828547
       -0.0006720586  -0.0008393929  -0.0002483178  -0.0049491890   0.0000481907
       -0.0001781066  -0.0173553212  -0.0118804322  -0.0034898429  -0.2639384125
       -0.1112109742  -0.0344304692  -0.0037605974  -0.0006031596  -0.0001338948
       -0.0006641331   0.0009510736   0.0000694602   0.0001315080  -0.0000613957
       -0.0000137005  -0.0001306492  -0.0000106386   0.0000471314  -0.0001216709
        0.0000157939  -0.0000498445   0.0004449440  -0.0002786205  -0.0000505169
        0.2908186326   0.1236896241   0.0384181197   0.0001969474   0.0001799314
        0.0000599820
        0.0003811516   0.0006945508   0.0000709967   0.0033763991  -0.0015400123
       -0.0016181914   0.0103782222   0.0065243135   0.0025151889  -0.1102607712
       -0.0960636460  -0.0203138017  -0.0224418282  -0.0080778139  -0.0011692528
       -0.0053338869  -0.0054137813  -0.0040259796  -0.0000669850   0.0000706869
        0.0000242149   0.0001236643   0.0000008911   0.0000365748   0.0002213608
        0.0000203667  -0.0000439101   0.0001095574   0.0002490294   0.0002560715
        0.1236896241   0.1034299973   0.0241216940  -0.0001765083   0.0001054177
        0.0001463948
        0.0001005246   0.0000482710   0.0004745985   0.0007276949  -0.0017307971
        0.0042764611   0.0024774893   0.0020928081  -0.0014840825  -0.0341719532
       -0.0203289431  -0.0345168248  -0.0059810986  -0.0007576061  -0.0056475638
       -0.0016616242  -0.0038613100   0.0081185709  -0.0000168384   0.0000262439
       -0.0000132933   0.0002205429  -0.0000144066   0.0000460285  -0.0001333902
        0.0000009303   0.0000198940   0.0000537566   0.0002489128  -0.0006255180
        0.0384181197   0.0241216940   0.0297636221  -0.0000332234   0.0001542027
       -0.0004118928
       -0.0006705032   0.0013594657   0.0003326191  -0.0058225952  -0.0005697435
       -0.0003349847  -0.0002806043  -0.0018931773  -0.0006578115   0.0041818453
       -0.0035762559  -0.0008058947  -0.1393581274   0.1283284615   0.0321883508
       -0.0241691017   0.0232361708   0.0058890285  -0.0004038518   0.0000153960
       -0.0000019853   0.0001498271  -0.0000009854   0.0000980194   0.0001586734
        0.0000460294  -0.0000822102   0.0004157310  -0.0001923250  -0.0000572504
        0.0001969474  -0.0001765083  -0.0000332234   0.1656017595  -0.1465765280
       -0.0365346575
       -0.0001975590   0.0002773456  -0.0002055160  -0.0016516802  -0.0003596162
       -0.0010840579  -0.0000864660  -0.0043103937  -0.0031350576   0.0166206465
       -0.0153871245  -0.0027949104   0.1307212459  -0.2075566912  -0.0474085693
       -0.0000859144   0.0037368965   0.0026060549  -0.0001209780   0.0000932258
        0.0000057281  -0.0000560916   0.0000189203   0.0000170122   0.0000161038
       -0.0000129270  -0.0000231186   0.0012372895  -0.0001950075  -0.0002005837
        0.0001799314   0.0001054177   0.0001542027  -0.1465765280   0.2235899543
        0.0520688154
       -0.0000866263  -0.0001754454   0.0009799575  -0.0006244620  -0.0010681229
        0.0032687207  -0.0001716483  -0.0031649625   0.0064918937   0.0046176269
       -0.0031894711  -0.0045501856   0.0328415033  -0.0474551267  -0.0337389516
       -0.0003832163   0.0030610927  -0.0051657333  -0.0000418403   0.0000073680
        0.0000738148   0.0001316959  -0.0000791918  -0.0000029249  -0.0001362345
        0.0000753520   0.0000214749   0.0003278772  -0.0002267025   0.0005828547
        0.0000599820   0.0001463948  -0.0004118928  -0.0365346575   0.0520688154
        0.0324509718
