           1           2   1.02851076792780     
           2           3   1.58391199033652     
           3           4   1.28242630224393     
           2           5  0.141561691853434     
           4           5   1.61997353918975     
           2           6   1.11780258507343     
           5           6   1.12724928746122     
           1           7  0.984511861113345     
           1           8  0.970506498078034     
           1           9  0.970506042126714     
           3          10  0.975480544206419     
           4          11  0.975319781337792     
           5          12  0.967484205114975     
