           1           2   1.54957864289716     
           2           3   1.17902794052835     
           2           4  0.128318776491234     
           3           4   1.09421240121902     
           1           5   1.35015298640038     
           4           5   1.47869734930424     
           4           6   1.09802818557135     
           6           7   1.84001193550164     
           1           8  0.973147254224005     
           2           9  0.964351831935634     
           5          10  0.971584716496181     
           6          11  0.929371144838729     
