           1           2   1.01907028422288     
           2           3   1.00775647218053     
           3           4   1.00664623828370     
           4           5   1.00735273784839     
           5           6  0.996017660856415     
           6           7   1.00975409800265     
           6           8   1.00803426511887     
           1           9  0.988010158401505     
           1          10  0.987568660752913     
           1          11  0.988028548422178     
           2          12  0.978636590275974     
           2          13  0.978697293017062     
           3          14  0.977467296191744     
           3          15  0.977581539751275     
           4          16  0.975631862152393     
           4          17  0.977419364959315     
           5          18  0.976725118416085     
           5          19  0.975786885902917     
           6          20  0.969108553929594     
           7          21  0.986399336140638     
           7          22  0.984881032436265     
           7          23  0.986780664838884     
           8          24  0.986608344172446     
           8          25  0.987109852006337     
           8          26  0.986835704592378     
