           1           2   1.44051470042032     
           2           3   1.44415485030065     
           3           4   1.37724790730538     
           2           5  0.109832509061475     
           4           5   1.36394374755599     
           1           6   1.42838740969775     
           3           6  0.106442184330634     
           5           6   1.45927588105696     
           4           7   1.06975642454994     
           1           8  0.971538034738137     
           2           9  0.971345377760814     
           3          10  0.966690988291967     
           5          11  0.968522556925840     
           6          12  0.970983659858909     
           7          13  0.889931548283999     
