$hessian                                                                        
        0.5513306000   0.0336678782   0.0000081315  -0.1938125053   0.1021414826
       -0.0591170175  -0.0041569780   0.0312958198  -0.0168742320   0.0000900473
       -0.0765187017   0.0400748778  -0.2692584688  -0.0494278967   0.0169785656
        0.0138846250   0.0063148639  -0.0031193430  -0.0079116352   0.0004676280
       -0.0004871277  -0.0154333857   0.0153563933  -0.0104896479  -0.0024713453
        0.0008789354   0.0010748009  -0.0551608092  -0.0547850002   0.0282211908
       -0.0165969920  -0.0094776401   0.0044164325   0.0003569811  -0.0003023357
        0.0002209729   0.0013868109   0.0009105086  -0.0001781086  -0.0026487196
       -0.0000426211  -0.0003378021   0.0004017747  -0.0004793144  -0.0003916931
        0.0336678782   0.6615748252  -0.2931590473   0.1424431872  -0.2044633636
        0.0885307598  -0.0100977165  -0.0641194681   0.0396995596  -0.0154670264
       -0.0277208424   0.0174174057  -0.1040463857  -0.1153980904   0.0305437328
       -0.0006890693  -0.0045067308   0.0057085527   0.0019799539   0.0008670043
       -0.0005196759   0.0020692830   0.0000566268  -0.0004712067  -0.0009252815
        0.0008421151   0.0001099319  -0.0558483485  -0.2520067659   0.1163239393
        0.0102904283   0.0053956295  -0.0029317774  -0.0007990998  -0.0011743341
       -0.0002274939  -0.0009834182   0.0005562004  -0.0004256020  -0.0016609154
        0.0002342402  -0.0007419698   0.0000665306  -0.0001370462   0.0001428912
        0.0000081315  -0.2931590473   0.2629399306  -0.0804527586   0.0876492451
       -0.0985829924   0.0039118188   0.0410287004  -0.0101035906   0.0086181498
        0.0148086672  -0.0011392417   0.0460309455   0.0331621434  -0.0652239049
        0.0003180149   0.0058555298   0.0033698956  -0.0011515573  -0.0005884574
       -0.0000063051  -0.0020990598   0.0007599672   0.0006936381   0.0014643866
       -0.0012482648  -0.0009343482   0.0286439803   0.1162643246  -0.0898428295
       -0.0061396592  -0.0038228180   0.0007215091   0.0004984657  -0.0001866573
       -0.0014226836   0.0006800563  -0.0004433047  -0.0000807138  -0.0005469535
       -0.0000595308  -0.0002350021   0.0002160390  -0.0000204973  -0.0001533615
       -0.1938125053   0.1424431872  -0.0804527586   0.7063775623  -0.0671781306
        0.0536949163  -0.1114865066  -0.0497283174   0.0225758898  -0.0658922998
       -0.0202587439   0.0079194354  -0.0672594416  -0.0096948724   0.0017057081
       -0.0061507346   0.0040065716  -0.0018996118  -0.0006452390  -0.0021794647
        0.0009176186  -0.1989296935  -0.0060229456  -0.0157826258  -0.0295058360
        0.0199181106   0.0139408449   0.0047626593  -0.0054855307   0.0030770245
       -0.0051081645  -0.0031187374   0.0011137843   0.0003288701   0.0000429789
       -0.0000287703  -0.0137758082  -0.0044946273   0.0005065213  -0.0206679157
        0.0012608810  -0.0081431078   0.0017650532   0.0004896408   0.0008551312
        0.1021414826  -0.2044633636   0.0876492451  -0.0671781306   0.4734942008
       -0.1715558437  -0.0782351983  -0.2000618289   0.0709297691  -0.0368748222
       -0.0318864127   0.0204862306   0.0500411098   0.0386395587  -0.0166065240
        0.0114182244   0.0088393814  -0.0021763626  -0.0053132700  -0.0009503155
       -0.0001079051  -0.0063728411  -0.0559307386   0.0082107081   0.0304547562
       -0.0091017905  -0.0089544071   0.0137024566  -0.0144184636   0.0058027894
        0.0003922664  -0.0004907840   0.0031887243   0.0004479941  -0.0010248311
        0.0004364458  -0.0248846183  -0.0035508219  -0.0006666674   0.0072702737
        0.0016229734   0.0036363963   0.0029903165  -0.0007167641  -0.0002725989
       -0.0591170175   0.0885307598  -0.0985829924   0.0536949163  -0.1715558437
        0.2432029958   0.0398722575   0.0729234069  -0.0954522773   0.0160985551
        0.0212273125  -0.0011340513  -0.0291752435  -0.0194226047   0.0125159559
       -0.0065859551  -0.0026061041   0.0045806539   0.0028170267   0.0000362977
       -0.0005051103  -0.0137765185   0.0055590551  -0.0558813746   0.0240420942
       -0.0063648656  -0.0017553679  -0.0069696423   0.0049711469  -0.0076223195
       -0.0006029671   0.0031395960   0.0040032967  -0.0002210151   0.0004646612
       -0.0004165179   0.0114564095   0.0025626298   0.0005500709  -0.0299625070
       -0.0004154361  -0.0046438579  -0.0015703932   0.0009499882   0.0011408961
       -0.0041569780  -0.0100977165   0.0039118188  -0.1114865066  -0.0782351983
        0.0398722575   0.4570032626   0.0115390501   0.0102066396  -0.2294403314
        0.0695185024  -0.0440349575  -0.0472216989   0.0410238040  -0.0236590243
       -0.0364165957  -0.0023236650  -0.0002925630  -0.0030405365  -0.0056029774
        0.0026898601  -0.0244633212  -0.0283788006   0.0154071623   0.0033313511
       -0.0020169861  -0.0010877758  -0.0019015924  -0.0005533134  -0.0001175333
        0.0000090459   0.0046407551  -0.0026594623   0.0013550168   0.0006075378
       -0.0001639686  -0.0072522841  -0.0007298888   0.0000210430   0.0029206729
       -0.0002373765   0.0004114229   0.0007604955   0.0008462732  -0.0005049195
        0.0312958198  -0.0641194681   0.0410287004  -0.0497283174  -0.2000618289
        0.0729234069   0.0115390501   0.3891014850  -0.1586526148   0.0269326628
       -0.0749819522   0.0095002871   0.0114846830  -0.0430802645   0.0285220679
       -0.0199983160  -0.0000599622  -0.0051525095  -0.0068262508  -0.0015502169
        0.0034181003  -0.0084272347  -0.0044750406  -0.0015787465   0.0025292292
        0.0008859671   0.0001031431   0.0056237793  -0.0019076027   0.0054047386
       -0.0020527158  -0.0031869897   0.0055447019  -0.0002581415   0.0019294756
       -0.0013887906  -0.0009628220   0.0007168842   0.0001787694   0.0004362351
        0.0001084060  -0.0003192010  -0.0015876612   0.0006811081   0.0004679467
       -0.0168742320   0.0396995596  -0.0101035906   0.0225758898   0.0709297691
       -0.0954522773   0.0102066396  -0.1586526148   0.1718646765  -0.0220901768
        0.0116257370  -0.0659720814  -0.0086399647   0.0292827498  -0.0062560495
        0.0098161236  -0.0039710655  -0.0051998817   0.0030040984   0.0033619284
        0.0035602950   0.0039969566  -0.0022966908  -0.0040244906   0.0007354788
       -0.0000492575   0.0008339754  -0.0033774919   0.0053304671   0.0053286408
        0.0007738556   0.0058316362   0.0044503729   0.0002282036  -0.0013954112
       -0.0000574776  -0.0002818341   0.0001713200   0.0009015903  -0.0002026749
        0.0002189855   0.0006496668   0.0001291283  -0.0000871128  -0.0005233690
        0.0000900473  -0.0154670264   0.0086181498  -0.0658922998  -0.0368748222
        0.0160985551  -0.2294403314   0.0269326628  -0.0220901768   0.5605961622
        0.0656834915  -0.0157262700  -0.0775009640   0.0382697935  -0.0213535000
       -0.1095525857  -0.0770350054   0.0380134107  -0.0715279048  -0.0277063782
        0.0112815782   0.0012456058  -0.0031318624  -0.0016646120  -0.0025890961
        0.0024701125   0.0017019724  -0.0049140147  -0.0000652881  -0.0004428572
       -0.0031315838   0.0196508333  -0.0105167907   0.0059072163   0.0068615904
       -0.0038900483  -0.0004792900   0.0006919941  -0.0006074008  -0.0021066687
        0.0000986417   0.0002866119  -0.0007042926  -0.0003787370   0.0002913776
       -0.0765187017  -0.0277208424   0.0148086672  -0.0202587439  -0.0318864127
        0.0212273125   0.0695185024  -0.0749819522   0.0116257370   0.0656834915
        0.5802458204  -0.2433145000   0.0537056157  -0.2739186623   0.1195201909
       -0.0414903809  -0.1494390564   0.0494233987  -0.0360668960   0.0113246459
       -0.0011432184  -0.0002345049  -0.0030224641   0.0033324623  -0.0014504890
        0.0006326640   0.0004347613  -0.0034365321  -0.0001004498   0.0029729340
        0.0008042245  -0.0072221641   0.0022437336  -0.0108267952  -0.0235753899
        0.0190155769  -0.0007587620  -0.0000217026  -0.0000526865   0.0005570749
        0.0000530897   0.0001081159   0.0007728966  -0.0003671234  -0.0002024852
        0.0400748778   0.0174174057  -0.0011392417   0.0079194354   0.0204862306
       -0.0011340513  -0.0440349575   0.0095002871  -0.0659720814  -0.0157262700
       -0.2433145000   0.2398301269  -0.0293310312   0.1187963482  -0.1150388665
        0.0194104688   0.0479795821  -0.0756591112   0.0157270941  -0.0007540381
        0.0127682393   0.0003822728   0.0038866904   0.0028061064  -0.0011701055
        0.0000540185  -0.0000919849   0.0013624016   0.0032082985   0.0043526235
       -0.0004179219   0.0031287399  -0.0045169713   0.0053280459   0.0196742271
        0.0035556228   0.0004354383  -0.0000572388   0.0001164936   0.0003000173
       -0.0000199251  -0.0000468347  -0.0002597659   0.0000138739   0.0001699305
       -0.2692584688  -0.1040463857   0.0460309455  -0.0672594416   0.0500411098
       -0.0291752435  -0.0472216989   0.0114846830  -0.0086399647  -0.0775009640
        0.0537056157  -0.0293310312   0.7306843301  -0.0935101021   0.0752640089
        0.0008682181  -0.0176380327   0.0095280570   0.0027499536   0.0006065751
       -0.0002327496  -0.0010181855   0.0022244773  -0.0021904547  -0.0007570855
        0.0004005623   0.0003440644  -0.0030296826  -0.0009869299   0.0004877541
       -0.2645206515   0.1011398071  -0.0636274438  -0.0024576180  -0.0035078204
        0.0015734453   0.0001052406   0.0001165118   0.0000397935  -0.0012129918
        0.0000662032  -0.0000609801  -0.0001709542  -0.0000962746  -0.0000102008
       -0.0494278967  -0.1153980904   0.0331621434  -0.0096948724   0.0386395587
       -0.0194226047   0.0410238040  -0.0430802645   0.0292827498   0.0382697935
       -0.2739186623   0.1187963482  -0.0935101021   0.5148125787  -0.2156798585
       -0.0190043539  -0.0281028237   0.0119356659   0.0129586174   0.0007421345
        0.0000045140   0.0016547132  -0.0011031636   0.0039106906  -0.0009171267
        0.0005425627   0.0000500718  -0.0210536907  -0.0072403922   0.0018934983
        0.1020227606  -0.0845594942   0.0330422899  -0.0021129512  -0.0015267673
        0.0026730008  -0.0002586199  -0.0001350184   0.0000331358   0.0004607376
        0.0000187794   0.0000552370  -0.0004108129   0.0003090625   0.0002631177
        0.0169785656   0.0305437328  -0.0652239049   0.0017057081  -0.0166065240
        0.0125159559  -0.0236590243   0.0285220679  -0.0062560495  -0.0213535000
        0.1195201909  -0.1150388665   0.0752640089  -0.2156798585   0.2303365719
        0.0102415690   0.0119341747  -0.0098932298  -0.0067269665  -0.0004520997
       -0.0001953330   0.0001959476   0.0036514884   0.0045669313  -0.0020955084
        0.0007217977   0.0001549574   0.0111242780   0.0026817128  -0.0030135963
       -0.0640612072   0.0329698898  -0.0506010125   0.0008592873   0.0026001477
        0.0024408800   0.0000747411   0.0001016291   0.0000460627   0.0012180925
       -0.0002870132   0.0002578670   0.0002340082  -0.0002213365  -0.0000972336
        0.0138846250  -0.0006890693   0.0003180149  -0.0061507346   0.0114182244
       -0.0065859551  -0.0364165957  -0.0199983160   0.0098161236  -0.1095525857
       -0.0414903809   0.0194104688   0.0008682181  -0.0190043539   0.0102415690
        0.8884211602  -0.0229228130   0.0398646796  -0.6866024757   0.0459883994
       -0.0478665219  -0.0029183684  -0.0003252771   0.0016541190   0.0028011067
       -0.0016918776  -0.0015671970   0.0008953702   0.0001302232   0.0000189958
        0.0007229872   0.0012198966  -0.0004760742  -0.0655063672   0.0469136731
       -0.0252206354  -0.0005486405  -0.0001824724   0.0001878272   0.0008620296
       -0.0000967286   0.0000228885  -0.0007597292   0.0007308721   0.0001816971
        0.0063148639  -0.0045067308   0.0058555298   0.0040065716   0.0088393814
       -0.0026061041  -0.0023236650  -0.0000599622  -0.0039710655  -0.0770350054
       -0.1494390564   0.0479795821  -0.0176380327  -0.0281028237   0.0119341747
       -0.0229228130   0.4150634746  -0.1393605550   0.0581286242  -0.0765859162
        0.0158568123  -0.0017094360   0.0014455299   0.0013976349   0.0015505361
       -0.0013678647  -0.0008622465  -0.0008476432  -0.0002827965   0.0004439876
        0.0005332937  -0.0002588832  -0.0000062839   0.0515029443  -0.1650993371
        0.0632411990   0.0000507879  -0.0001987475   0.0001059022   0.0007316268
       -0.0000453326   0.0000566628  -0.0003426531   0.0005990648  -0.0000652305
       -0.0031193430   0.0057085527   0.0033698956  -0.0018996118  -0.0021763626
        0.0045806539  -0.0002925630  -0.0051525095  -0.0051998817   0.0380134107
        0.0494233987  -0.0756591112   0.0095280570   0.0119356659  -0.0098932298
        0.0398646796  -0.1393605550   0.2236499994  -0.0541326530   0.0154044266
       -0.0604448543   0.0005515636   0.0003374745   0.0010575882  -0.0013669862
        0.0006517339   0.0004650480   0.0004529840   0.0004576642   0.0003190700
       -0.0002285719  -0.0000181788  -0.0004187963  -0.0275437167   0.0629721924
       -0.0817785189   0.0000684482   0.0000017202  -0.0000529503  -0.0001323127
        0.0001186110  -0.0000490184   0.0002366154  -0.0003038342   0.0000541056
       -0.0079116352   0.0019799539  -0.0011515573  -0.0006452390  -0.0053132700
        0.0028170267  -0.0030405365  -0.0068262508   0.0030040984  -0.0715279048
       -0.0360668960   0.0157270941   0.0027499536   0.0129586174  -0.0067269665
       -0.6866024757   0.0581286242  -0.0541326530   0.8109567689  -0.0474937653
        0.0544449055   0.0010763873  -0.0008756543  -0.0005887569  -0.0017502416
        0.0010065492   0.0009332800  -0.0000224357  -0.0000525021  -0.0000201866
       -0.0001686180  -0.0006593801   0.0002710627  -0.0433354736   0.0236288431
       -0.0144604063  -0.0000747382   0.0001217620  -0.0000681634  -0.0003970908
        0.0000623936   0.0001608339   0.0006932792  -0.0005990249  -0.0002096113
        0.0004676280   0.0008670043  -0.0005884574  -0.0021794647  -0.0009503155
        0.0000362977  -0.0056029774  -0.0015502169   0.0033619284  -0.0277063782
        0.0113246459  -0.0007540381   0.0006065751   0.0007421345  -0.0004520997
        0.0459883994  -0.0765859162   0.0154044266  -0.0474937653   0.0627404401
       -0.0239369537   0.0000555756  -0.0006452036  -0.0003323558  -0.0001423645
        0.0002234086   0.0000942634   0.0001201086   0.0000683382  -0.0000289423
       -0.0001033404   0.0005412442  -0.0003385890   0.0361424708   0.0032797613
        0.0075340169  -0.0001041315   0.0000462179  -0.0000077987  -0.0001286794
        0.0000095979   0.0000012101   0.0000803439  -0.0001111406   0.0000070916
       -0.0004871277  -0.0005196759  -0.0000063051   0.0009176186  -0.0001079051
       -0.0005051103   0.0026898601   0.0034181003   0.0035602950   0.0112815782
       -0.0011432184   0.0127682393  -0.0002327496   0.0000045140  -0.0001953330
       -0.0478665219   0.0158568123  -0.0604448543   0.0544449055  -0.0239369537
        0.0348042685   0.0000667621  -0.0002481943  -0.0007821921   0.0003633493
       -0.0000653571   0.0000647237  -0.0000653474  -0.0000362749   0.0000224716
        0.0000498349  -0.0003662689   0.0000848574  -0.0210499341   0.0071007423
        0.0106900484   0.0000170497   0.0000182409  -0.0000160772  -0.0000570774
       -0.0000260519   0.0000334067  -0.0000722002   0.0000514906  -0.0000784388
       -0.0154333857   0.0020692830  -0.0020990598  -0.1989296935  -0.0063728411
       -0.0137765185  -0.0244633212  -0.0084272347   0.0039969566   0.0012456058
       -0.0002345049   0.0003822728  -0.0010181855   0.0016547132   0.0001959476
       -0.0029183684  -0.0017094360   0.0005515636   0.0010763873   0.0000555756
        0.0000667621   0.4472358644   0.0427235932  -0.0027337314  -0.0780303641
        0.0437399880   0.0545108110   0.0005259145  -0.0003816237   0.0002148379
       -0.0004104287  -0.0001825694   0.0000807392  -0.0000753477   0.0003708275
       -0.0002033187  -0.0725650502  -0.0722939459   0.0312074907  -0.0600423136
        0.0049111896  -0.0620833570   0.0038026866  -0.0059230145  -0.0103113962
        0.0153563933   0.0000566268   0.0007599672  -0.0060229456  -0.0559307386
        0.0055590551  -0.0283788006  -0.0044750406  -0.0022966908  -0.0031318624
       -0.0030224641   0.0038866904   0.0022244773  -0.0011031636   0.0036514884
       -0.0003252771   0.0014455299   0.0003374745  -0.0008756543  -0.0006452036
       -0.0002481943   0.0427235932   0.4943587589  -0.0517208784   0.0318252801
       -0.1442467805  -0.0538233099   0.0005351605  -0.0000683787   0.0000192661
        0.0006099831   0.0004266640  -0.0001555934  -0.0000098819  -0.0000888511
        0.0000496634  -0.0740913859  -0.2106089166   0.0807042456   0.0053332111
       -0.0464681149   0.0337815418   0.0142277094  -0.0296299274  -0.0205047256
       -0.0104896479  -0.0004712067   0.0006936381  -0.0157826258   0.0082107081
       -0.0558813746   0.0154071623  -0.0015787465  -0.0040244906  -0.0016646120
        0.0033324623   0.0028061064  -0.0021904547   0.0039106906   0.0045669313
        0.0016541190   0.0013976349   0.0010575882  -0.0005887569  -0.0003323558
       -0.0007821921  -0.0027337314  -0.0517208784   0.4648691209   0.0574902046
       -0.0763542103  -0.1231525167  -0.0001492778  -0.0002249149  -0.0001764547
       -0.0004598433  -0.0003404788   0.0001254167   0.0000494536  -0.0000981773
        0.0000726705   0.0299026191   0.0756903565  -0.0780350968  -0.0636117491
        0.0352713743  -0.2181207667  -0.0068328596   0.0033077420   0.0059814201
       -0.0024713453  -0.0009252815   0.0014643866  -0.0295058360   0.0304547562
        0.0240420942   0.0033313511   0.0025292292   0.0007354788  -0.0025890961
       -0.0014504890  -0.0011701055  -0.0007570855  -0.0009171267  -0.0020955084
        0.0028011067   0.0015505361  -0.0013669862  -0.0017502416  -0.0001423645
        0.0003633493  -0.0780303641   0.0318252801   0.0574902046   0.1758571810
        0.0633706824  -0.1494597545   0.0000153232  -0.0001709547   0.0000538246
       -0.0001891308  -0.0001485432   0.0000145639   0.0000107542  -0.0002025327
        0.0001185368   0.0045099891  -0.0045924168  -0.0054066124   0.0049420885
        0.0005818916   0.0048668923  -0.0761746944  -0.1217626666   0.0703496359
        0.0008789354   0.0008421151  -0.0012482648   0.0199181106  -0.0091017905
       -0.0063648656  -0.0020169861   0.0008859671  -0.0000492575   0.0024701125
        0.0006326640   0.0000540185   0.0004005623   0.0005425627   0.0007217977
       -0.0016918776  -0.0013678647   0.0006517339   0.0010065492   0.0002234086
       -0.0000653571   0.0437399880  -0.1442467805  -0.0763542103   0.0633706824
        0.5262440638  -0.0066298016  -0.0001648681   0.0000781005  -0.0001997386
        0.0000680710   0.0000922432  -0.0000225920  -0.0000217927   0.0002214454
       -0.0001678781   0.0113079873  -0.0331250588  -0.0185357118   0.0030640035
       -0.0053992896  -0.0167538787  -0.1423294777  -0.3365217863   0.1249640061
        0.0010748009   0.0001099319  -0.0009343482   0.0139408449  -0.0089544071
       -0.0017553679  -0.0010877758   0.0001031431   0.0008339754   0.0017019724
        0.0004347613  -0.0000919849   0.0003440644   0.0000500718   0.0001549574
       -0.0015671970  -0.0008622465   0.0004650480   0.0009332800   0.0000942634
        0.0000647237   0.0545108110  -0.0538233099  -0.1231525167  -0.1494597545
       -0.0066298016   0.2232747609  -0.0000072583  -0.0000266936  -0.0000330737
        0.0000685291   0.0001043556   0.0000154706  -0.0000310972   0.0000652047
       -0.0001003502  -0.0032063281   0.0020466846   0.0064829851   0.0153726852
       -0.0328941930  -0.0330467431   0.0674124229   0.1001822354  -0.0721775365
       -0.0551608092  -0.0558483485   0.0286439803   0.0047626593   0.0137024566
       -0.0069696423  -0.0019015924   0.0056237793  -0.0033774919  -0.0049140147
       -0.0034365321   0.0013624016  -0.0030296826  -0.0210536907   0.0111242780
        0.0008953702  -0.0008476432   0.0004529840  -0.0000224357   0.0001201086
       -0.0000653474   0.0005259145   0.0005351605  -0.0001492778   0.0000153232
       -0.0001648681  -0.0000072583   0.0589824059   0.0619787292  -0.0313820212
        0.0004313120  -0.0001305330   0.0001232441  -0.0002875965  -0.0003920687
        0.0002132164  -0.0002862652   0.0001562982  -0.0001044636  -0.0000096106
       -0.0001346843   0.0001308271  -0.0000009782  -0.0001081639   0.0000045708
       -0.0547850002  -0.2520067659   0.1162643246  -0.0054855307  -0.0144184636
        0.0049711469  -0.0005533134  -0.0019076027   0.0053304671  -0.0000652881
       -0.0001004498   0.0032082985  -0.0009869299  -0.0072403922   0.0026817128
        0.0001302232  -0.0002827965   0.0004576642  -0.0000525021   0.0000683382
       -0.0000362749  -0.0003816237  -0.0000683787  -0.0002249149  -0.0001709547
        0.0000781005  -0.0000266936   0.0619787292   0.2754292709  -0.1318699567
        0.0002986568   0.0000613265  -0.0004435265  -0.0001362566  -0.0001034473
       -0.0001650286   0.0003704080   0.0001951386  -0.0000237340  -0.0001567002
        0.0001687391  -0.0001494154  -0.0000039176   0.0001273829   0.0000259305
        0.0282211908   0.1163239393  -0.0898428295   0.0030770245   0.0058027894
       -0.0076223195  -0.0001175333   0.0054047386   0.0053286408  -0.0004428572
        0.0029729340   0.0043526235   0.0004877541   0.0018934983  -0.0030135963
        0.0000189958   0.0004439876   0.0003190700  -0.0000201866  -0.0000289423
        0.0000224716   0.0002148379   0.0000192661  -0.0001764547   0.0000538246
       -0.0001997386  -0.0000330737  -0.0313820212  -0.1318699567   0.0913930162
       -0.0001097176  -0.0004637495  -0.0005689731   0.0000768532  -0.0001693330
       -0.0002960535  -0.0002327094  -0.0000281073   0.0001260843   0.0001319217
       -0.0000174817   0.0000054644   0.0000226229  -0.0000838444   0.0000059293
       -0.0165969920   0.0102904283  -0.0061396592  -0.0051081645   0.0003922664
       -0.0006029671   0.0000090459  -0.0020527158   0.0007738556  -0.0031315838
        0.0008042245  -0.0004179219  -0.2645206515   0.1020227606  -0.0640612072
        0.0007229872   0.0005332937  -0.0002285719  -0.0001686180  -0.0001033404
        0.0000498349  -0.0004104287   0.0006099831  -0.0004598433  -0.0001891308
        0.0000680710   0.0000685291   0.0004313120   0.0002986568  -0.0001097176
        0.2890966931  -0.1126865816   0.0710518301  -0.0001410814  -0.0001954122
        0.0001018341   0.0001195864   0.0000937122  -0.0000212100  -0.0001579278
       -0.0000208309   0.0000256191   0.0000449539  -0.0000545157  -0.0000304047
       -0.0094776401   0.0053956295  -0.0038228180  -0.0031187374  -0.0004907840
        0.0031395960   0.0046407551  -0.0031869897   0.0058316362   0.0196508333
       -0.0072221641   0.0031287399   0.1011398071  -0.0845594942   0.0329698898
        0.0012198966  -0.0002588832  -0.0000181788  -0.0006593801   0.0005412442
       -0.0003662689  -0.0001825694   0.0004266640  -0.0003404788  -0.0001485432
        0.0000922432   0.0001043556  -0.0001305330   0.0000613265  -0.0004637495
       -0.1126865816   0.0889289634  -0.0399235264  -0.0001282959   0.0001649647
       -0.0001720962   0.0000622982   0.0000543080  -0.0000393126  -0.0001392249
        0.0000031160  -0.0000415627  -0.0000420846   0.0000498555   0.0000137743
        0.0044164325  -0.0029317774   0.0007215091   0.0011137843   0.0031887243
        0.0040032967  -0.0026594623   0.0055447019   0.0044503729  -0.0105167907
        0.0022437336  -0.0045169713  -0.0636274438   0.0330422899  -0.0506010125
       -0.0004760742  -0.0000062839  -0.0004187963   0.0002710627  -0.0003385890
        0.0000848574   0.0000807392  -0.0001555934   0.0001254167   0.0000145639
       -0.0000225920   0.0000154706   0.0001232441  -0.0004435265  -0.0005689731
        0.0710518301  -0.0399235264   0.0466875761   0.0000680548  -0.0001670176
       -0.0000494573  -0.0000247147  -0.0000213108   0.0000178149   0.0001515602
        0.0000043619   0.0000450920   0.0000132138  -0.0000135946   0.0000038043
        0.0003569811  -0.0007990998   0.0004984657   0.0003288701   0.0004479941
       -0.0002210151   0.0013550168  -0.0002581415   0.0002282036   0.0059072163
       -0.0108267952   0.0053280459  -0.0024576180  -0.0021129512   0.0008592873
       -0.0655063672   0.0515029443  -0.0275437167  -0.0433354736   0.0361424708
       -0.0210499341  -0.0000753477  -0.0000098819   0.0000494536   0.0000107542
       -0.0000217927  -0.0000310972  -0.0002875965  -0.0001362566   0.0000768532
       -0.0001410814  -0.0001282959   0.0000680548   0.1038316721  -0.0737968595
        0.0417197009   0.0000111146   0.0000064386  -0.0000058906   0.0000032100
       -0.0000152128  -0.0000048369  -0.0000013509   0.0000054391   0.0000284257
       -0.0003023357  -0.0011743341  -0.0001866573   0.0000429789  -0.0010248311
        0.0004646612   0.0006075378   0.0019294756  -0.0013954112   0.0068615904
       -0.0235753899   0.0196742271  -0.0035078204  -0.0015267673   0.0026001477
        0.0469136731  -0.1650993371   0.0629721924   0.0236288431   0.0032797613
        0.0071007423   0.0003708275  -0.0000888511  -0.0000981773  -0.0002025327
        0.0002214454   0.0000652047  -0.0003920687  -0.0001034473  -0.0001693330
       -0.0001954122   0.0001649647  -0.0001670176  -0.0737968595   0.1869962041
       -0.0908328478   0.0000893196   0.0000427537  -0.0000364341  -0.0001066803
        0.0000066863  -0.0000622931  -0.0000110611  -0.0000483334   0.0000709960
        0.0002209729  -0.0002274939  -0.0014226836  -0.0000287703   0.0004364458
       -0.0004165179  -0.0001639686  -0.0013887906  -0.0000574776  -0.0038900483
        0.0190155769   0.0035556228   0.0015734453   0.0026730008   0.0024408800
       -0.0252206354   0.0632411990  -0.0817785189  -0.0144604063   0.0075340169
        0.0106900484  -0.0002033187   0.0000496634   0.0000726705   0.0001185368
       -0.0001678781  -0.0001003502   0.0002132164  -0.0001650286  -0.0002960535
        0.0001018341  -0.0001720962  -0.0000494573   0.0417197009  -0.0908328478
        0.0673443978  -0.0000541663  -0.0000209196   0.0000167101   0.0000314387
       -0.0000257360   0.0000258255   0.0000421688   0.0000508880  -0.0000250961
        0.0013868109  -0.0009834182   0.0006800563  -0.0137758082  -0.0248846183
        0.0114564095  -0.0072522841  -0.0009628220  -0.0002818341  -0.0004792900
       -0.0007587620   0.0004354383   0.0001052406  -0.0002586199   0.0000747411
       -0.0005486405   0.0000507879   0.0000684482  -0.0000747382  -0.0001041315
        0.0000170497  -0.0725650502  -0.0740913859   0.0299026191   0.0045099891
        0.0113079873  -0.0032063281  -0.0002862652   0.0003704080  -0.0002327094
        0.0001195864   0.0000622982  -0.0000247147   0.0000111146   0.0000893196
       -0.0000541663   0.0843540576   0.0807085922  -0.0363784537   0.0041675173
        0.0071910457  -0.0039320058   0.0003277599   0.0022633189   0.0014754500
        0.0009105086   0.0005562004  -0.0004433047  -0.0044946273  -0.0035508219
        0.0025626298  -0.0007298888   0.0007168842   0.0001713200   0.0006919941
       -0.0000217026  -0.0000572388   0.0001165118  -0.0001350184   0.0001016291
       -0.0001824724  -0.0001987475   0.0000017202   0.0001217620   0.0000462179
        0.0000182409  -0.0722939459  -0.2106089166   0.0756903565  -0.0045924168
       -0.0331250588   0.0020466846   0.0001562982   0.0001951386  -0.0000281073
        0.0000937122   0.0000543080  -0.0000213108   0.0000064386   0.0000427537
       -0.0000209196   0.0807085922   0.2560005816  -0.0829504041  -0.0027533213
       -0.0059438742   0.0059447615   0.0022408546  -0.0040279444  -0.0030160575
       -0.0001781086  -0.0004256020  -0.0000807138   0.0005065213  -0.0006666674
        0.0005500709   0.0000210430   0.0001787694   0.0009015903  -0.0006074008
       -0.0000526865   0.0001164936   0.0000397935   0.0000331358   0.0000460627
        0.0001878272   0.0001059022  -0.0000529503  -0.0000681634  -0.0000077987
       -0.0000160772   0.0312074907   0.0807042456  -0.0780350968  -0.0054066124
       -0.0185357118   0.0064829851  -0.0001044636  -0.0000237340   0.0001260843
       -0.0000212100  -0.0000393126   0.0000178149  -0.0000058906  -0.0000364341
        0.0000167101  -0.0363784537  -0.0829504041   0.0851181083   0.0095181914
        0.0257758659  -0.0143979801   0.0012894360  -0.0040595677  -0.0007931019
       -0.0026487196  -0.0016609154  -0.0005469535  -0.0206679157   0.0072702737
       -0.0299625070   0.0029206729   0.0004362351  -0.0002026749  -0.0021066687
        0.0005570749   0.0003000173  -0.0012129918   0.0004607376   0.0012180925
        0.0008620296   0.0007316268  -0.0001323127  -0.0003970908  -0.0001286794
       -0.0000570774  -0.0600423136   0.0053332111  -0.0636117491   0.0049420885
        0.0030640035   0.0153726852  -0.0000096106  -0.0001567002   0.0001319217
       -0.0001579278  -0.0001392249   0.0001515602   0.0000032100  -0.0001066803
        0.0000314387   0.0041675173  -0.0027533213   0.0095181914   0.0738795712
       -0.0128499195   0.0683066242   0.0004681491  -0.0000577217  -0.0005172565
       -0.0000426211   0.0002342402  -0.0000595308   0.0012608810   0.0016229734
       -0.0004154361  -0.0002373765   0.0001084060   0.0002189855   0.0000986417
        0.0000530897  -0.0000199251   0.0000662032   0.0000187794  -0.0002870132
       -0.0000967286  -0.0000453326   0.0001186110   0.0000623936   0.0000095979
       -0.0000260519   0.0049111896  -0.0464681149   0.0352713743   0.0005818916
       -0.0053992896  -0.0328941930  -0.0001346843   0.0001687391  -0.0000174817
       -0.0000208309   0.0000031160   0.0000043619  -0.0000152128   0.0000066863
       -0.0000257360   0.0071910457  -0.0059438742   0.0257758659  -0.0128499195
        0.0550783563  -0.0257782954  -0.0007748727   0.0005526270  -0.0018655353
       -0.0003378021  -0.0007419698  -0.0002350021  -0.0081431078   0.0036363963
       -0.0046438579   0.0004114229  -0.0003192010   0.0006496668   0.0002866119
        0.0001081159  -0.0000468347  -0.0000609801   0.0000552370   0.0002578670
        0.0000228885   0.0000566628  -0.0000490184   0.0001608339   0.0000012101
        0.0000334067  -0.0620833570   0.0337815418  -0.2181207667   0.0048668923
       -0.0167538787  -0.0330467431   0.0001308271  -0.0001494154   0.0000054644
        0.0000256191  -0.0000415627   0.0000450920  -0.0000048369  -0.0000622931
        0.0000258255  -0.0039320058   0.0059447615  -0.0143979801   0.0683066242
       -0.0257782954   0.2683779172   0.0003503698   0.0002626906   0.0011449635
        0.0004017747   0.0000665306   0.0002160390   0.0017650532   0.0029903165
       -0.0015703932   0.0007604955  -0.0015876612   0.0001291283  -0.0007042926
        0.0007728966  -0.0002597659  -0.0001709542  -0.0004108129   0.0002340082
       -0.0007597292  -0.0003426531   0.0002366154   0.0006932792   0.0000803439
       -0.0000722002   0.0038026866   0.0142277094  -0.0068328596  -0.0761746944
       -0.1423294777   0.0674124229  -0.0000009782  -0.0000039176   0.0000226229
        0.0000449539  -0.0000420846   0.0000132138  -0.0000013509  -0.0000110611
        0.0000421688   0.0003277599   0.0022408546   0.0012894360   0.0004681491
       -0.0007748727   0.0003503698   0.0695478474   0.1251238892  -0.0612108062
       -0.0004793144  -0.0001370462  -0.0000204973   0.0004896408  -0.0007167641
        0.0009499882   0.0008462732   0.0006811081  -0.0000871128  -0.0003787370
       -0.0003671234   0.0000138739  -0.0000962746   0.0003090625  -0.0002213365
        0.0007308721   0.0005990648  -0.0003038342  -0.0005990249  -0.0001111406
        0.0000514906  -0.0059230145  -0.0296299274   0.0033077420  -0.1217626666
       -0.3365217863   0.1001822354  -0.0001081639   0.0001273829  -0.0000838444
       -0.0000545157   0.0000498555  -0.0000135946   0.0000054391  -0.0000483334
        0.0000508880   0.0022633189  -0.0040279444  -0.0040595677  -0.0000577217
        0.0005526270   0.0002626906   0.1251238892   0.3692409652  -0.1000291211
       -0.0003916931   0.0001428912  -0.0001533615   0.0008551312  -0.0002725989
        0.0011408961  -0.0005049195   0.0004679467  -0.0005233690   0.0002913776
       -0.0002024852   0.0001699305  -0.0000102008   0.0002631177  -0.0000972336
        0.0001816971  -0.0000652305   0.0000541056  -0.0002096113   0.0000070916
       -0.0000784388  -0.0103113962  -0.0205047256   0.0059814201   0.0703496359
        0.1249640061  -0.0721775365   0.0000045708   0.0000259305   0.0000059293
       -0.0000304047   0.0000137743   0.0000038043   0.0000284257   0.0000709960
       -0.0000250961   0.0014754500  -0.0030160575  -0.0007931019  -0.0005172565
       -0.0018655353   0.0011449635  -0.0612108062  -0.1000291211   0.0653470879
