           1           2   1.52160259611542     
           2           3   1.15087143068264     
           2           4  0.123734455362773     
           3           4   1.08598223157187     
           1           5   1.35053339943182     
           4           5   1.47919872268556     
           4           6   1.10078066506036     
           6           7   1.83675510712691     
           2           8  0.998818337481109     
           8           9   1.00017030095776     
           1          10  0.972535598469058     
           5          11  0.970888452600885     
           6          12  0.929203368187032     
           8          13  0.969019080427492     
           8          14  0.955493525757008     
           9          15  0.896379418182725     
