           1           2   1.01261314494325     
           2           3   1.86874493699362     
           2           4  0.976673725215277     
           4           5   1.00344081299146     
           5           6  0.980199272170076     
           6           7   1.76272416953606     
           6           8   1.13450580933731     
           7           8  0.170878596126413     
           1           9  0.967496105556834     
           1          10  0.981742363992605     
           1          11  0.948108248932360     
           4          12  0.949438160829045     
           4          13  0.972126666879341     
           5          14  0.946519024757678     
           5          15  0.952805173298290     
           8          16  0.865128407500441     
