$hessian                                                                        
        0.6863584131  -0.0021329707   0.1562077707  -0.0811565781   0.0139416827
       -0.0348189660  -0.0278562466   0.0028846677  -0.0159843517  -0.0644914973
        0.0196060277  -0.0554807278  -0.2855037367  -0.0675733982   0.0650737361
        0.0065464277   0.0029174548  -0.0053894346  -0.0020486062  -0.0018187178
        0.0029279332  -0.2278956520   0.0409097033  -0.1291651037   0.0023868691
       -0.0082599200   0.0166789999  -0.0054069059  -0.0007492588   0.0003071758
       -0.0009324872   0.0002747292  -0.0003570318
       -0.0021329707   0.2270059578  -0.2232465532  -0.0074364264  -0.1204324389
        0.1334156776   0.0253626239  -0.0008141205   0.0312712339  -0.0124769697
        0.0136361444  -0.0175750024  -0.0388772256  -0.0722468615   0.0313936120
        0.0062625597   0.0055267822   0.0029615369  -0.0026239697  -0.0014980265
        0.0017513132   0.0413921505  -0.0418168029   0.0339140722   0.0012444394
       -0.0051523818   0.0062593832  -0.0112683635  -0.0031386632   0.0005840104
        0.0005541521  -0.0010695890  -0.0007292837
        0.1562077707  -0.2232465532   0.5695159514   0.0053590279   0.1390377510
       -0.3084902923  -0.0582369989   0.0253615759  -0.0507677642   0.0048671682
       -0.0091220484   0.0244856279   0.0111010635   0.0238362956  -0.0919823349
       -0.0116935502   0.0020638682  -0.0007715844   0.0044473952   0.0019628590
       -0.0027212033  -0.1300738689   0.0337899967  -0.1273705828  -0.0011862844
        0.0037545668  -0.0093763896   0.0200931319   0.0033526741  -0.0022699570
       -0.0008848550  -0.0007909857  -0.0002514707
       -0.0811565781  -0.0074364264   0.0053590279   0.6017322632   0.1069203470
       -0.0721503085  -0.2606627612   0.0067054248  -0.0661707278  -0.0885971890
       -0.0191980077   0.0101771266   0.0077547648  -0.0120914669   0.0235819520
        0.0102412443  -0.0015305696   0.0045830497  -0.0055307756  -0.0013437698
        0.0012899116  -0.0003134572   0.0104604992  -0.0185605136  -0.1785593223
       -0.0820492755   0.1139232613  -0.0049277472  -0.0008699926  -0.0011918828
        0.0000195583   0.0004332376  -0.0008408963
        0.0139416827  -0.1204324389   0.1390377510   0.1069203470   0.2679883313
       -0.2638273251   0.0229677835  -0.0635596764   0.0168757015  -0.0123293582
        0.0000292823   0.0161920213  -0.0437867350  -0.0086303910   0.0131232934
       -0.0047261504   0.0011486689   0.0040927399   0.0002912663  -0.0000599139
       -0.0012508480   0.0002509894  -0.0050988863   0.0008270729  -0.0810532124
       -0.0747649368   0.0717408554  -0.0027705187   0.0036603604   0.0030099814
        0.0002939059  -0.0002803997   0.0001787564
       -0.0348189660   0.1334156776  -0.3084902923  -0.0721503085  -0.2638273251
        0.5898186753  -0.0967467470   0.0125407490  -0.1069243799  -0.0028114485
        0.0144323011  -0.0174318197   0.0831670316   0.0214572391  -0.0139942370
        0.0104866192   0.0049399863  -0.0024927619  -0.0017762811  -0.0016720777
        0.0019119874   0.0006829772   0.0035135632  -0.0111422067   0.1120269082
        0.0714833082  -0.1301433355   0.0024237131   0.0035140722  -0.0003243991
       -0.0004834982   0.0002025060  -0.0007872305
       -0.0278562466   0.0253626239  -0.0582369989  -0.2606627612   0.0229677835
       -0.0967467470   0.4831088827   0.0334372529   0.0407229099  -0.1067962903
       -0.0537334359   0.0888130262  -0.0207933688  -0.0104917706   0.0117190519
       -0.0313238323  -0.0156282302   0.0232562375  -0.0093972099  -0.0013935586
       -0.0012933696   0.0003292940   0.0012299523  -0.0043752063  -0.0274071790
       -0.0001421712  -0.0054848155  -0.0011562275  -0.0014126524   0.0004476388
        0.0019549389  -0.0001957938   0.0011782729
        0.0028846677  -0.0008141205   0.0253615759   0.0067054248  -0.0635596764
        0.0125407490   0.0334372529   0.1754493700  -0.1509497257  -0.0312320286
       -0.1017193631   0.0680861335   0.0061443095  -0.0112897890   0.0407980620
       -0.0061208131  -0.0089785584  -0.0000456836  -0.0008508246   0.0049077902
        0.0005806981  -0.0020103616   0.0050931312   0.0057155080  -0.0113452926
       -0.0037446861  -0.0065568792   0.0021748447   0.0048664357   0.0054404948
        0.0002128207  -0.0002105337  -0.0009709328
       -0.0159843517   0.0312712339  -0.0507677642  -0.0661707278   0.0168757015
       -0.1069243799   0.0407229099  -0.1509497257   0.3849743876   0.0465801800
        0.0621385904  -0.1657020814  -0.0195512401   0.0364243480  -0.0640167299
        0.0055199922  -0.0025134105  -0.0019874381  -0.0023383389   0.0004175062
        0.0039453038   0.0016474275   0.0065494163  -0.0034869524   0.0156087319
       -0.0035995810   0.0052380553  -0.0063517869   0.0044812820  -0.0026696475
        0.0003172040  -0.0010953610   0.0013972468
       -0.0644914973  -0.0124769697   0.0048671682  -0.0885971890  -0.0123293582
       -0.0028114485  -0.1067962903  -0.0312320286   0.0465801800   0.6853112491
        0.0261032036   0.1012985361  -0.1402213390   0.0511542401  -0.1193924220
       -0.2012244896   0.0110685043  -0.0601945471  -0.0668225808  -0.0280959851
        0.0321204438  -0.0051810756  -0.0027789162   0.0022442901  -0.0045059312
        0.0003716003  -0.0032269244   0.0057357728  -0.0033783517   0.0086114193
       -0.0132066291   0.0015940611  -0.0100966955
        0.0196060277   0.0136361444  -0.0091220484  -0.0191980077   0.0000292823
        0.0144323011  -0.0537334359  -0.1017193631   0.0621385904   0.0261032036
        0.2155129629  -0.1825482845   0.0426134586  -0.0895045892   0.0817406287
       -0.0073076777  -0.0558648320   0.0055393317  -0.0240476993   0.0065844629
        0.0036507010  -0.0010238043   0.0041109085   0.0033126150  -0.0006396985
        0.0038458975   0.0022433799   0.0066443925  -0.0059654071   0.0074108381
        0.0109832410   0.0093345329   0.0112019469
       -0.0554807278  -0.0175750024   0.0244856279   0.0101771266   0.0161920213
       -0.0174318197   0.0888130262   0.0680861335  -0.1657020814   0.1012985361
       -0.1825482845   0.4846479439  -0.1033418170   0.0840002117  -0.2371830099
       -0.0257047448   0.0103307222  -0.0780669808   0.0245557561   0.0026230571
        0.0134221051  -0.0010194987   0.0028684085   0.0003824914  -0.0013352191
        0.0025082940   0.0000517202  -0.0102105958   0.0047716408  -0.0146127375
       -0.0277518418   0.0087427977  -0.0099932590
       -0.2855037367  -0.0388772256   0.0111010635   0.0077547648  -0.0437867350
        0.0831670316  -0.0207933688   0.0061443095  -0.0195512401  -0.1402213390
        0.0426134586  -0.1033418170   0.5615062248   0.0792654389  -0.0312265988
       -0.0337008017   0.0057640693  -0.0186347982   0.0088897164   0.0040825963
       -0.0053073603  -0.0174129701  -0.0051338749   0.0056151441  -0.0005775619
       -0.0014666135   0.0008224779  -0.0744198355  -0.0482167488   0.0790575964
       -0.0055210923  -0.0003886748  -0.0017014992
       -0.0675733982  -0.0722468615   0.0238362956  -0.0120914669  -0.0086303910
        0.0214572391  -0.0104917706  -0.0112897890   0.0364243480   0.0511542401
       -0.0895045892   0.0840002117   0.0792654389   0.2755466511  -0.2827420135
        0.0062659188  -0.0010159275  -0.0039642666  -0.0022286510  -0.0013441268
        0.0016205657   0.0054860842   0.0000258531  -0.0025070293  -0.0000126817
        0.0040554044   0.0052073853  -0.0486381050  -0.0985109903   0.1154806274
       -0.0011356086   0.0029147668   0.0011866366
        0.0650737361   0.0313936120  -0.0919823349   0.0235819520   0.0131232934
       -0.0139942370   0.0117190519   0.0407980620  -0.0640167299  -0.1193924220
        0.0817406287  -0.2371830099  -0.0312265988  -0.2827420135   0.6374185584
       -0.0195785983  -0.0040859940  -0.0014439889   0.0065697663   0.0032806091
       -0.0046094140  -0.0143526550  -0.0053014858   0.0041168526  -0.0019231089
        0.0048158537  -0.0027442418   0.0798278460   0.1155975613  -0.2265728427
       -0.0002989692   0.0013798731   0.0010113883
        0.0065464277   0.0062625597  -0.0116935502   0.0102412443  -0.0047261504
        0.0104866192  -0.0313238323  -0.0061208131   0.0055199922  -0.2012244896
       -0.0073076777  -0.0257047448  -0.0337008017   0.0062659188  -0.0195785983
        0.6663007721   0.1516632876  -0.1492957262  -0.3484236779  -0.1727185467
        0.2463669804  -0.0000647597   0.0000199789  -0.0001737372  -0.0008443731
       -0.0003997401  -0.0000160780   0.0011813112   0.0001715445   0.0000831860
       -0.0686878209   0.0268896383  -0.0559943430
        0.0029174548   0.0055267822   0.0020638682  -0.0015305696   0.0011486689
        0.0049399863  -0.0156282302  -0.0089785584  -0.0025134105   0.0110685043
       -0.0558648320   0.0103307222   0.0057640693  -0.0010159275  -0.0040859940
        0.1516632876   0.2998966050  -0.2414688929  -0.1789420200  -0.1673996438
        0.1725776520   0.0005486336   0.0006079236   0.0000302733  -0.0008413367
        0.0014291449   0.0007611001   0.0005166636  -0.0003900509   0.0001976275
        0.0244635433  -0.0749601121   0.0571670678
       -0.0053894346   0.0029615369  -0.0007715844   0.0045830497   0.0040927399
       -0.0024927619   0.0232562375  -0.0000456836  -0.0019874381  -0.0601945471
        0.0055393317  -0.0780669808  -0.0186347982  -0.0039642666  -0.0014439889
       -0.1492957262  -0.2414688929   0.5647526292   0.2580358406   0.1741806231
       -0.3101508260  -0.0012009657  -0.0001178161   0.0004378877   0.0008368091
        0.0008828986   0.0005235215  -0.0005673358   0.0001136553  -0.0007194477
       -0.0514291294   0.0578258737  -0.1700810105
       -0.0020486062  -0.0026239697   0.0044473952  -0.0055307756   0.0002912663
       -0.0017762811  -0.0093972099  -0.0008508246  -0.0023383389  -0.0668225808
       -0.0240476993   0.0245557561   0.0088897164  -0.0022286510   0.0065697663
       -0.3484236779  -0.1789420200   0.2580358406   0.4140874406   0.2170711225
       -0.3044862298   0.0000396373   0.0000174283  -0.0000410460  -0.0004971553
        0.0002172300  -0.0002781282  -0.0001766269  -0.0000558248   0.0000843162
        0.0098798383  -0.0088480578   0.0152269496
       -0.0018187178  -0.0014980265   0.0019628590  -0.0013437698  -0.0000599139
       -0.0016720777  -0.0013935586   0.0049077902   0.0004175062  -0.0280959851
        0.0065844629   0.0026230571   0.0040825963  -0.0013441268   0.0032806091
       -0.1727185467  -0.1673996438   0.1741806231   0.2170711225   0.1620228633
       -0.2093384994  -0.0000777694  -0.0000011546  -0.0000093125   0.0001080539
       -0.0006181292  -0.0005796684  -0.0003250203   0.0000307371  -0.0003670963
       -0.0154884050  -0.0026248587   0.0295019998
        0.0029279332   0.0017513132  -0.0027212033   0.0012899116  -0.0012508480
        0.0019119874  -0.0012933696   0.0005806981   0.0039453038   0.0321204438
        0.0036507010   0.0134221051  -0.0053073603   0.0016205657  -0.0046094140
        0.2463669804   0.1725776520  -0.3101508260  -0.3044862298  -0.2093384994
        0.3337437156   0.0001564977   0.0000239202   0.0000166061  -0.0000829341
       -0.0005546930   0.0000702136   0.0005974197  -0.0002939536   0.0005938371
        0.0277107074   0.0312331438  -0.0362223253
       -0.2278956520   0.0413921505  -0.1300738689  -0.0003134572   0.0002509894
        0.0006829772   0.0003292940  -0.0020103616   0.0016474275  -0.0051810756
       -0.0010238043  -0.0010194987  -0.0174129701   0.0054860842  -0.0143526550
       -0.0000647597   0.0005486336  -0.0012009657   0.0000396373  -0.0000777694
        0.0001564977   0.2503772984  -0.0448041576   0.1441645642   0.0001750228
       -0.0000482637   0.0002380032   0.0004117861   0.0002727076  -0.0001963193
       -0.0004651240   0.0000137914  -0.0000461621
        0.0409097033  -0.0418168029   0.0337899967   0.0104604992  -0.0050988863
        0.0035135632   0.0012299523   0.0050931312   0.0065494163  -0.0027789162
        0.0041109085   0.0028684085  -0.0051338749   0.0000258531  -0.0053014858
        0.0000199789   0.0006079236  -0.0001178161   0.0000174283  -0.0000011546
        0.0000239202  -0.0448041576   0.0381468242  -0.0404432272   0.0001612562
       -0.0002619259  -0.0001731877   0.0000439308  -0.0005375222  -0.0004725293
       -0.0001258003  -0.0002683486  -0.0002370588
       -0.1291651037   0.0339140722  -0.1273705828  -0.0185605136   0.0008270729
       -0.0111422067  -0.0043752063   0.0057155080  -0.0034869524   0.0022442901
        0.0033126150   0.0003824914   0.0056151441  -0.0025070293   0.0041168526
       -0.0001737372   0.0000302733   0.0004378877  -0.0000410460  -0.0000093125
        0.0000166061   0.1441645642  -0.0404432272   0.1369346599  -0.0001588029
       -0.0002293911   0.0000127919   0.0002365364  -0.0004087777   0.0000411173
        0.0002138748  -0.0002018036   0.0000573351
        0.0023868691   0.0012444394  -0.0011862844  -0.1785593223  -0.0810532124
        0.1120269082  -0.0274071790  -0.0113452926   0.0156087319  -0.0045059312
       -0.0006396985  -0.0013352191  -0.0005775619  -0.0000126817  -0.0019231089
       -0.0008443731  -0.0008413367   0.0008368091  -0.0004971553   0.0001080539
       -0.0000829341   0.0001750228   0.0001612562  -0.0001588029   0.2094734673
        0.0923599044  -0.1238005993   0.0002808010   0.0000717759  -0.0001164298
        0.0000753625  -0.0000532077   0.0001309293
       -0.0082599200  -0.0051523818   0.0037545668  -0.0820492755  -0.0747649368
        0.0714833082  -0.0001421712  -0.0037446861  -0.0035995810   0.0003716003
        0.0038458975   0.0025082940  -0.0014666135   0.0040554044   0.0048158537
       -0.0003997401   0.0014291449   0.0008828986   0.0002172300  -0.0006181292
       -0.0005546930  -0.0000482637  -0.0002619259  -0.0002293911   0.0923599044
        0.0751414337  -0.0790947336  -0.0005766109   0.0001013212   0.0000592121
       -0.0000061398  -0.0000311418  -0.0000257348
        0.0166789999   0.0062593832  -0.0093763896   0.1139232613   0.0717408554
       -0.1301433355  -0.0054848155  -0.0065568792   0.0052380553  -0.0032269244
        0.0022433799   0.0000517202   0.0008224779   0.0052073853  -0.0027442418
       -0.0000160780   0.0007611001   0.0005235215  -0.0002781282  -0.0005796684
        0.0000702136   0.0002380032  -0.0001731877   0.0000127919  -0.1238005993
       -0.0790947336   0.1362564413   0.0010988877   0.0002274351   0.0000722900
        0.0000449155  -0.0000350701   0.0000389332
       -0.0054069059  -0.0112683635   0.0200931319  -0.0049277472  -0.0027705187
        0.0024237131  -0.0011562275   0.0021748447  -0.0063517869   0.0057357728
        0.0066443925  -0.0102105958  -0.0744198355  -0.0486381050   0.0798278460
        0.0011813112   0.0005166636  -0.0005673358  -0.0001766269  -0.0003250203
        0.0005974197   0.0004117861   0.0000439308   0.0002365364   0.0002808010
       -0.0005766109   0.0010988877   0.0786248310   0.0542633612  -0.0872693440
       -0.0001471590  -0.0000645742   0.0001215277
       -0.0007492588  -0.0031386632   0.0033526741  -0.0008699926   0.0036603604
        0.0035140722  -0.0014126524   0.0048664357   0.0044812820  -0.0033783517
       -0.0059654071   0.0047716408  -0.0482167488  -0.0985109903   0.1155975613
        0.0001715445  -0.0003900509   0.0001136553  -0.0000558248   0.0000307371
       -0.0002939536   0.0002727076  -0.0005375222  -0.0004087777   0.0000717759
        0.0001013212   0.0002274351   0.0542633612   0.0999593216  -0.1311967847
       -0.0000965600  -0.0000755422  -0.0001588046
        0.0003071758   0.0005840104  -0.0022699570  -0.0011918828   0.0030099814
       -0.0003243991   0.0004476388   0.0054404948  -0.0026696475   0.0086114193
        0.0074108381  -0.0146127375   0.0790575964   0.1154806274  -0.2265728427
        0.0000831860   0.0001976275  -0.0007194477   0.0000843162  -0.0003670963
        0.0005938371  -0.0001963193  -0.0004725293   0.0000411173  -0.0001164298
        0.0000592121   0.0000722900  -0.0872693440  -0.1311967847   0.2462748141
        0.0001826435  -0.0001463813   0.0001869731
       -0.0009324872   0.0005541521  -0.0008848550   0.0000195583   0.0002939059
       -0.0004834982   0.0019549389   0.0002128207   0.0003172040  -0.0132066291
        0.0109832410  -0.0277518418  -0.0055210923  -0.0011356086  -0.0002989692
       -0.0686878209   0.0244635433  -0.0514291294   0.0098798383  -0.0154884050
        0.0277107074  -0.0004651240  -0.0001258003   0.0002138748   0.0000753625
       -0.0000061398   0.0000449155  -0.0001471590  -0.0000965600   0.0001826435
        0.0770306146  -0.0196551492   0.0523789484
        0.0002747292  -0.0010695890  -0.0007909857   0.0004332376  -0.0002803997
        0.0002025060  -0.0001957938  -0.0002105337  -0.0010953610   0.0015940611
        0.0093345329   0.0087427977  -0.0003886748   0.0029147668   0.0013798731
        0.0268896383  -0.0749601121   0.0578258737  -0.0088480578  -0.0026248587
        0.0312331438   0.0000137914  -0.0002683486  -0.0002018036  -0.0000532077
       -0.0000311418  -0.0000350701  -0.0000645742  -0.0000755422  -0.0001463813
       -0.0196551492   0.0672712261  -0.0971145927
       -0.0003570318  -0.0007292837  -0.0002514707  -0.0008408963   0.0001787564
       -0.0007872305   0.0011782729  -0.0009709328   0.0013972468  -0.0100966955
        0.0112019469  -0.0099932590  -0.0017014992   0.0011866366   0.0010113883
       -0.0559943430   0.0571670678  -0.1700810105   0.0152269496   0.0295019998
       -0.0362223253  -0.0000461621  -0.0002370588   0.0000573351   0.0001309293
       -0.0000257348   0.0000389332   0.0001215277  -0.0001588046   0.0001869731
        0.0523789484  -0.0971145927   0.2146434194
