           1           2   1.54957849671262     
           2           3   1.17902788576141     
           2           4  0.128318717546832     
           3           4   1.09421244445858     
           1           5   1.35015308218960     
           4           5   1.47869720457956     
           4           6   1.09802833206861     
           6           7   1.84001215964014     
           1           8  0.973147251401870     
           2           9  0.964351821429526     
           5          10  0.971584712202703     
           6          11  0.929371094716479     
