$hessian                                                                        
        0.4559772638   0.0567521447  -0.0240659382  -0.1481176237   0.0089540232
       -0.0383879012  -0.0109590935   0.0104438803   0.0000138117  -0.0003481908
        0.0009423458   0.0002531484  -0.0007142431  -0.0002698395   0.0001431190
       -0.0024478754  -0.0033624267   0.0007292065  -0.0334169092  -0.0049926295
       -0.0052167555  -0.0011742372  -0.0000166817  -0.0001754929   0.0005783433
        0.0001548306   0.0001167889   0.0003877668  -0.0004000551  -0.0002544585
       -0.0011862507  -0.0013406801  -0.0000942603  -0.0972335762   0.0583825566
        0.0520619529  -0.0424710127  -0.0040162907  -0.0031412346  -0.1250599529
       -0.1078635801   0.0353178928  -0.0045069699   0.0017996307  -0.0038025157
        0.0004634700  -0.0008132183  -0.0005227872  -0.0000196220   0.0000683021
       -0.0000289968  -0.0000706756   0.0000201160   0.0000095687  -0.0001427434
       -0.0000491305   0.0000443826   0.0000324370  -0.0001035706   0.0000380497
       -0.0000800454  -0.0000562035  -0.0000072087  -0.0001873667   0.0000740592
        0.0000483227  -0.0000730367   0.0004160362   0.0000741684   0.0107701442
       -0.0147236191  -0.0131528626
        0.0567521447   0.5032825550  -0.0212785054   0.0182993336  -0.0557562465
        0.0106636799   0.0215247204  -0.0089094476   0.0029448946   0.0010383200
       -0.0029351043  -0.0014114466   0.0005408080  -0.0001962001  -0.0002710783
       -0.0013972106  -0.0020729444   0.0017554441  -0.0279340340  -0.0012906066
       -0.0076043397  -0.0024954917  -0.0017950443   0.0000532155  -0.0005471544
       -0.0000187434  -0.0000912609   0.0008891951  -0.0001810167   0.0000774872
        0.0002345180  -0.0003861451  -0.0001534019   0.0338538359  -0.1687648634
       -0.0624495125  -0.0044432415  -0.0497070510   0.0429159438  -0.1106650381
       -0.1794431496   0.0476919911   0.0034110284   0.0003862324   0.0015479440
        0.0002481966   0.0004545095   0.0006265207  -0.0000160261  -0.0000196544
       -0.0000174701   0.0000877210  -0.0000490740  -0.0000836601   0.0000240299
       -0.0000164752   0.0000632205  -0.0002779275   0.0001835059   0.0000767639
        0.0001209720   0.0000578417   0.0000049419   0.0002488930  -0.0002731971
       -0.0000933428   0.0000196356  -0.0000611299   0.0002475690   0.0104827717
       -0.0324885510  -0.0152155979
       -0.0240659382  -0.0212785054   0.4906079454  -0.0392606023   0.0107813190
       -0.0805961469   0.0106066974  -0.0032801588   0.0031516285   0.0007636945
       -0.0015248121  -0.0004425871  -0.0000385999   0.0000091656   0.0001777670
        0.0001753994   0.0007718824   0.0009890739   0.0068899872  -0.0024522327
        0.0030120572   0.0005380130   0.0003174629  -0.0002106326  -0.0000665746
       -0.0000341175  -0.0001765383   0.0007710384  -0.0003567997  -0.0001301283
        0.0000991992  -0.0000839151  -0.0004287498   0.0434320367  -0.0754416830
       -0.1026340996  -0.0005009667   0.0432468965  -0.2425465974   0.0324892267
        0.0436643995  -0.0585546894  -0.0288063237   0.0064970314  -0.0140197213
        0.0014555323  -0.0009630140   0.0000472750   0.0001081587  -0.0000120352
       -0.0000037352   0.0001257740  -0.0000329656  -0.0001569856   0.0002170435
        0.0000370008  -0.0000245774  -0.0001009231  -0.0000698569   0.0002437527
       -0.0000380819   0.0000101326   0.0000803317   0.0000846079  -0.0001552875
        0.0000158844  -0.0001758978   0.0000361810   0.0002514747  -0.0047025008
        0.0003139118   0.0013479985
       -0.1481176237   0.0182993336  -0.0392606023   0.4554342565  -0.0170537035
        0.0100179421  -0.0767523212   0.0388791249   0.0195256000  -0.0131275992
        0.0229922059   0.0115467245   0.0010798686   0.0006942226   0.0002659316
       -0.0278072678  -0.0256250773   0.0051779782  -0.0910756314  -0.0406531871
        0.0096193829  -0.0081523449  -0.0034497144   0.0000047716   0.0012226748
       -0.0008199986  -0.0000558807  -0.0080766890   0.0014761599  -0.0005888928
        0.0048470281  -0.0161537387  -0.0054628730  -0.0236150851   0.0198870220
        0.0036151592  -0.0059469870   0.0012282474  -0.0057701517  -0.0194487645
       -0.0013190094  -0.0057223171  -0.0418409587   0.0034414974  -0.0073895363
        0.0007648936   0.0004194338   0.0008768020   0.0005711229   0.0000287103
        0.0004781561  -0.0003496846  -0.0001645843   0.0004481840   0.0011170662
       -0.0001570914   0.0005956510  -0.0007183490  -0.0000934536  -0.0003566898
       -0.0004113686   0.0000505213   0.0001251095  -0.0008227756   0.0018663864
        0.0004586592  -0.0008876317  -0.0025599212   0.0006470175   0.0021141712
       -0.0012133861   0.0012038742
        0.0089540232  -0.0557562465   0.0107813190  -0.0170537035   0.4440255151
       -0.0098391183   0.0391839210  -0.1209358307  -0.0422797229   0.0121322919
       -0.0073253095  -0.0031666186  -0.0003886219   0.0020050606   0.0006651534
       -0.0165108901   0.0013656362  -0.0057974784  -0.0582371343  -0.1646400551
        0.0448075502   0.0028661512   0.0020272415  -0.0001764455   0.0006321710
       -0.0014419776  -0.0002277631  -0.0005178463   0.0001662175   0.0005207865
        0.0021133260  -0.0317578426  -0.0063041268   0.0352964187  -0.0221297311
       -0.0025037176   0.0075340284  -0.0008034824   0.0054621897  -0.0201678152
        0.0015218159  -0.0061272844   0.0019360230  -0.0421639727   0.0177097963
        0.0008192172  -0.0009101663  -0.0028071222  -0.0005593015   0.0001609030
       -0.0001698310  -0.0000848440  -0.0001370278  -0.0001120668   0.0024263999
        0.0011895332  -0.0000083357  -0.0007065326  -0.0007175198  -0.0001898258
       -0.0006363883   0.0002421287   0.0001967378   0.0001944433   0.0002359664
       -0.0001848346  -0.0014770114  -0.0040554498  -0.0004238869   0.0022516742
       -0.0001654062   0.0001746458
       -0.0383879012   0.0106636799  -0.0805961469   0.0100179421  -0.0098391183
        0.5084881877   0.0201538339  -0.0445030474  -0.0935923859   0.0000828594
        0.0024998433   0.0032195283   0.0008533858  -0.0001519478   0.0011701186
        0.0002812156  -0.0072840117   0.0004886107   0.0190963685   0.0465094885
       -0.0702112750  -0.0034828029  -0.0017654328   0.0002193332  -0.0010614745
        0.0001613308  -0.0007692609  -0.0018440863   0.0013465715   0.0002698036
       -0.0032930145   0.0086189464   0.0051378335   0.0172573506  -0.0086725945
        0.0038446458  -0.0300270836   0.0062812818  -0.0170563647   0.0064369315
       -0.0003045175   0.0021752175  -0.0047711619   0.0195020926  -0.2463489083
        0.0112159932  -0.0249465140  -0.0197713254  -0.0012426636   0.0009121437
        0.0000171417   0.0003718617   0.0000743729  -0.0005067600  -0.0029802117
       -0.0013705208   0.0010835467   0.0000914560  -0.0000475735   0.0005219566
        0.0002487382   0.0000865694   0.0001622289  -0.0000444334   0.0000953972
        0.0003785530   0.0011593921   0.0018294724   0.0002274979  -0.0001324950
        0.0003040880   0.0014482234
       -0.0109590935   0.0215247204   0.0106066974  -0.0767523212   0.0391839210
        0.0201538339   0.4505489418  -0.0027829994  -0.0100135800  -0.1511183725
        0.0233551491  -0.0316278662  -0.0196671243  -0.0057551540  -0.0025510404
        0.0041348473  -0.0018682109  -0.0006180923   0.0002817469  -0.0207434522
       -0.0049775762  -0.0004988327   0.0009763815  -0.0000183681   0.0006388749
       -0.0017925833   0.0006921580  -0.0227113727   0.0099560157   0.0015278486
       -0.1240759842  -0.0840225489   0.0467181578  -0.0084308201   0.0044734691
       -0.0003491138   0.0005756759   0.0000059555   0.0004184051  -0.0005672295
        0.0004332016   0.0006482469   0.0003615451   0.0013230476   0.0014133988
       -0.0422662625   0.0045205111  -0.0199457160  -0.0069320548   0.0006855306
       -0.0046808375   0.0004406042   0.0006713027  -0.0002805632  -0.0003422010
        0.0001887774  -0.0002274241   0.0000863012  -0.0000146501   0.0001140138
       -0.0006767857  -0.0000925201  -0.0001030191  -0.0023053607   0.0028593466
        0.0003589249   0.0101104624   0.0074450674  -0.0071947443   0.0001248157
       -0.0005302781  -0.0000637440
        0.0104438803  -0.0089094476  -0.0032801588   0.0388791249  -0.1209358307
       -0.0445030474  -0.0027829994   0.4763103241  -0.0036819813   0.0109111291
       -0.0540052181   0.0065521901  -0.0196078986   0.0003945199  -0.0045371636
       -0.0006239019   0.0004969512  -0.0003015765  -0.0020519579  -0.0387877874
       -0.0058575282   0.0006374176   0.0007675628   0.0000437333  -0.0032950525
       -0.0037952453   0.0007747590   0.0305822352  -0.0125010750   0.0006547920
       -0.0567577495  -0.1628901251   0.0355264384   0.0005439098   0.0003130409
        0.0006341718  -0.0005949463   0.0001973612  -0.0001713477  -0.0010304313
        0.0004937887  -0.0000597964   0.0015540169  -0.0003776392  -0.0028411014
        0.0041763500  -0.0407293409   0.0093895366   0.0069347918   0.0000383927
        0.0037318778  -0.0006021040   0.0000038435  -0.0001256472  -0.0001532436
       -0.0001055732  -0.0000914858  -0.0000824735  -0.0000071818  -0.0000372084
       -0.0014294292  -0.0000311186  -0.0001956421   0.0024851317  -0.0038532955
       -0.0018782961  -0.0181589351  -0.0316880967   0.0102198065   0.0000231356
       -0.0003988098   0.0000346754
        0.0000138117   0.0029448946   0.0031516285   0.0195256000  -0.0422797229
       -0.0935923859  -0.0100135800  -0.0036819813   0.5083771692  -0.0360808486
        0.0058010300  -0.0771385837   0.0050980833  -0.0007826969   0.0018655935
       -0.0005868258  -0.0004145533   0.0015452989  -0.0013978572   0.0084236966
        0.0052547257   0.0003306320   0.0005812005  -0.0005640054   0.0012514804
        0.0013437602  -0.0000168464   0.0183703439  -0.0042578814   0.0031510928
        0.0449337307   0.0481994626  -0.0799227457  -0.0024251934   0.0020551470
        0.0006185856  -0.0013349584   0.0012815544   0.0000006692   0.0003552742
        0.0001832900   0.0002864815   0.0117931785  -0.0251142142  -0.0212880919
       -0.0172075930   0.0105342523  -0.2415874355  -0.0290729796   0.0038927586
       -0.0130546481   0.0013403290   0.0006999729  -0.0002549360   0.0002507091
       -0.0000714512  -0.0005442241   0.0000586417  -0.0000496465   0.0001231587
        0.0003268834  -0.0000731765   0.0003403609   0.0019425379  -0.0031676820
       -0.0002452469  -0.0075627624  -0.0059645541   0.0033494202   0.0000913627
       -0.0000834596   0.0001449650
       -0.0003481908   0.0010383200   0.0007636945  -0.0131275992   0.0121322919
        0.0000828594  -0.1511183725   0.0109111291  -0.0360808486   0.4716426942
        0.0023631530   0.0073497581  -0.0848639110  -0.0428182565   0.0167738087
        0.0069254055   0.0042210431  -0.0019944044  -0.0018661432  -0.0026959273
       -0.0003315735  -0.0010135230   0.0031905691   0.0007310338  -0.0328214215
       -0.0290013412   0.0029066437  -0.0856008014   0.0234745826   0.0123330656
       -0.0351957659  -0.0144598495  -0.0000312202   0.0000279041  -0.0002740140
       -0.0000926072   0.0000668723  -0.0000076657   0.0000404514   0.0000056802
       -0.0001726552  -0.0000243838   0.0004025252  -0.0008416469  -0.0002708428
       -0.0082701140   0.0024945539  -0.0062375031  -0.0453066573   0.0015749073
       -0.0188309782  -0.0006391309  -0.0038278724   0.0025309193  -0.0000572434
        0.0005818320   0.0000431309   0.0003306960   0.0008918743   0.0000688213
       -0.0065573258  -0.0006812467  -0.0010327348  -0.0140243136   0.0313870838
        0.0201328137   0.0015116690   0.0003301935   0.0011888010  -0.0001029331
        0.0001889418  -0.0000187048
        0.0009423458  -0.0029351043  -0.0015248121   0.0229922059  -0.0073253095
        0.0024998433   0.0233551491  -0.0540052181   0.0058010300   0.0023631530
        0.4549660895  -0.0050442289  -0.0559613563  -0.1277022814   0.0302414204
       -0.0034822136  -0.0270212248   0.0013417819  -0.0039826402   0.0022127264
        0.0002814240   0.0019627419  -0.0022190377  -0.0015945187  -0.0042884991
       -0.0018779363  -0.0017183233   0.0483576474  -0.1647223799  -0.0787105484
       -0.0362363661  -0.0118453338  -0.0005001267   0.0011320516  -0.0008602912
       -0.0001797814  -0.0000012453   0.0000748961  -0.0000821221  -0.0001676410
       -0.0000766764   0.0000201733   0.0002019953   0.0003374246   0.0006069344
        0.0023009160   0.0009870569   0.0005746634   0.0012614007  -0.0464087219
        0.0432093481  -0.0034928257  -0.0066052437   0.0041390144  -0.0006669622
        0.0007301395   0.0006952551  -0.0004485476  -0.0011989953   0.0000826787
       -0.0004413571  -0.0003777552   0.0006075816   0.0074828304  -0.0044217100
       -0.0006262945  -0.0035314412   0.0004071575  -0.0001444487   0.0003486581
       -0.0001122712   0.0000240563
        0.0002531484  -0.0014114466  -0.0004425871   0.0115467245  -0.0031666186
        0.0032195283  -0.0316278662   0.0065521901  -0.0771385837   0.0073497581
       -0.0050442289   0.5056041401   0.0157222534   0.0315218201  -0.0760054884
       -0.0047841081  -0.0095495730   0.0032299078  -0.0004491097   0.0007809228
       -0.0002672585   0.0009360486  -0.0028512919  -0.0006446624  -0.0063707981
       -0.0100180785   0.0026027463   0.0287873989  -0.0786397289  -0.1061209698
        0.0118896860   0.0013091659   0.0036775019   0.0009199537  -0.0006998652
       -0.0001627129   0.0000682229  -0.0000538931   0.0000244976   0.0000218393
        0.0000233174  -0.0000542934   0.0012213109  -0.0009403897  -0.0001628326
       -0.0306872758   0.0056302407  -0.0156456713  -0.0185337850   0.0413168444
       -0.2329476374   0.0145057755   0.0261877599  -0.0120741063   0.0000145870
       -0.0016512805  -0.0006851527  -0.0003133275  -0.0007060306   0.0002233799
       -0.0026265642  -0.0002160798   0.0006962379   0.0030060052   0.0023535067
        0.0011014871  -0.0008652569  -0.0007492639   0.0018729311   0.0000153791
        0.0000220013   0.0000995985
       -0.0007142431   0.0005408080  -0.0000385999   0.0010798686  -0.0003886219
        0.0008533858  -0.0196671243  -0.0196078986   0.0050980833  -0.0848639110
       -0.0559613563   0.0157222534   0.4634861294   0.0085667815   0.0074293597
       -0.0619231867   0.0348949652   0.0214811999  -0.0307617279   0.0252639246
        0.0069229534   0.0033100305  -0.0138980108  -0.0036686866  -0.2086763767
        0.0129387825  -0.0568704062   0.0034089998   0.0121508601   0.0014189507
       -0.0069545905  -0.0010127811  -0.0008492566   0.0006494698  -0.0006163515
       -0.0002556836   0.0000430008  -0.0000035004   0.0000900522   0.0000780806
       -0.0000807501   0.0000082391  -0.0003770505  -0.0000606379   0.0000522858
        0.0001819610  -0.0003904875   0.0002904764   0.0007150554  -0.0004051150
        0.0003562568  -0.0373095424  -0.0010810063   0.0070582537   0.0013402624
        0.0006271876   0.0005561640  -0.0010231845  -0.0023342375   0.0005342330
       -0.0236643741  -0.0021938416  -0.0058912362   0.0018386624   0.0030981276
       -0.0002369544   0.0000451584  -0.0001898538  -0.0000578970  -0.0002413677
        0.0001430132  -0.0000034266
       -0.0002698395  -0.0001962001   0.0000091656   0.0006942226   0.0020050606
       -0.0001519478  -0.0057551540   0.0003945199  -0.0007826969  -0.0428182565
       -0.1277022814   0.0315218201   0.0085667815   0.4694403271  -0.0188374465
        0.0255694980  -0.1167477693  -0.0387389630   0.0066794067  -0.0031479595
       -0.0000968916   0.0081745883  -0.0421893387  -0.0086100289   0.0413067993
       -0.0772609698   0.0228517399  -0.0068725490  -0.0482312696  -0.0060787807
        0.0023904561   0.0018162020  -0.0003709521   0.0001159023  -0.0002044129
       -0.0000589917   0.0000007481   0.0000099363  -0.0000286280  -0.0001077618
        0.0000154066  -0.0000205330   0.0000624217  -0.0000619743   0.0000314977
        0.0008760190   0.0001866036   0.0001101400  -0.0067827280  -0.0089846238
        0.0076020049  -0.0016619071  -0.0487454395   0.0288570222   0.0019672451
       -0.0008221415  -0.0032175929  -0.0019745893  -0.0060410520  -0.0012704778
       -0.0296968415   0.0064116209  -0.0114705604  -0.0007044542   0.0002877292
       -0.0010668303   0.0001503773  -0.0002799490  -0.0001822697   0.0000896149
        0.0000479751   0.0000002008
        0.0001431190  -0.0002710783   0.0001777670   0.0002659316   0.0006651534
        0.0011701186  -0.0025510404  -0.0045371636   0.0018655935   0.0167738087
        0.0302414204  -0.0760054884   0.0074293597  -0.0188374465   0.5081809529
        0.0229510604  -0.0427821918  -0.0942037277  -0.0071076658   0.0071490980
        0.0057412739  -0.0043539594   0.0070726884   0.0053832928  -0.0606345447
        0.0128042596  -0.0747304021  -0.0059467407  -0.0214146312   0.0017322577
       -0.0023327683  -0.0009349386   0.0004513264  -0.0001382104   0.0000761106
       -0.0001147132  -0.0001344001   0.0000428490  -0.0001234065  -0.0000371966
        0.0000429516  -0.0000630375  -0.0001523889  -0.0002720233  -0.0004291238
       -0.0013735753  -0.0005724301  -0.0002803553   0.0161234411   0.0257150355
       -0.0139923907   0.0050063900   0.0298764032  -0.2442712900   0.0134497842
       -0.0236443838  -0.0231457190   0.0008116208   0.0020987348   0.0007027985
        0.0019964099  -0.0028631305  -0.0000655946  -0.0004161129   0.0003480968
        0.0018442620   0.0001388041   0.0000069420   0.0001005625   0.0000888740
       -0.0000103257   0.0000750430
       -0.0024478754  -0.0013972106   0.0001753994  -0.0278072678  -0.0165108901
        0.0002812156   0.0041348473  -0.0006239019  -0.0005868258   0.0069254055
       -0.0034822136  -0.0047841081  -0.0619231867   0.0255694980   0.0229510604
        0.4337023090  -0.0074394293  -0.0061384113  -0.1820845927   0.0326148918
       -0.0480817693  -0.1095930302  -0.0707645193   0.0417552586  -0.0338269161
        0.0252209348   0.0056652133  -0.0017038592  -0.0076671424  -0.0007768403
       -0.0015996142   0.0011335633   0.0001448326   0.0018247086  -0.0008456963
       -0.0001198005  -0.0001348057  -0.0002722552   0.0002173836  -0.0006784146
        0.0000105518  -0.0002464477   0.0017673366   0.0012776152  -0.0003173513
       -0.0004260236  -0.0000241696  -0.0001355527   0.0000161932  -0.0004601925
       -0.0000229649   0.0001481680   0.0023548450   0.0031920133  -0.0369861016
        0.0042369917  -0.0038604134   0.0133411568   0.0134873427  -0.0099572998
       -0.0017611779   0.0016697164   0.0005157780  -0.0003327137   0.0008370816
       -0.0000659863   0.0005845100   0.0000738245   0.0002242421  -0.0011390555
        0.0010007639  -0.0000286255
       -0.0033624267  -0.0020729444   0.0007718824  -0.0256250773   0.0013656362
       -0.0072840117  -0.0018682109   0.0004969512  -0.0004145533   0.0042210431
       -0.0270212248  -0.0095495730   0.0348949652  -0.1167477693  -0.0427821918
       -0.0074394293   0.4813489142  -0.0238836197   0.0516698170  -0.0765826358
        0.0247904169  -0.0462940139  -0.1801992267   0.0444492123   0.0066194397
       -0.0046584634  -0.0015836699  -0.0022532546  -0.0034163327   0.0009022460
        0.0014861693   0.0009089928  -0.0000044847   0.0011361824  -0.0010182367
       -0.0002990794   0.0000938668  -0.0000276072  -0.0000777674  -0.0012264085
        0.0000352252  -0.0002630898  -0.0013555607  -0.0001707401  -0.0000463549
       -0.0000746160  -0.0002053057  -0.0004164113   0.0005744047   0.0002102273
       -0.0001286870   0.0002387517   0.0004561710  -0.0013289390   0.0052939006
       -0.0429687513   0.0079221273  -0.0151623215  -0.0325339870   0.0081831573
       -0.0014584568   0.0029411730   0.0011474458   0.0004467467  -0.0003870503
       -0.0000257170  -0.0004214404  -0.0003904919  -0.0001522989  -0.0001340703
        0.0006374764   0.0000739611
        0.0007292065   0.0017554441   0.0009890739   0.0051779782  -0.0057974784
        0.0004886107  -0.0006180923  -0.0003015765   0.0015452989  -0.0019944044
        0.0013417819   0.0032299078   0.0214811999  -0.0387389630  -0.0942037277
       -0.0061384113  -0.0238836197   0.4751515689  -0.0526788574   0.0182912699
       -0.0773761105   0.0344140004   0.0524633707  -0.0796458397  -0.0073872501
        0.0081621698   0.0037844436  -0.0001890076   0.0028033893   0.0004909412
        0.0003387215   0.0010362919  -0.0009960265   0.0001972618  -0.0002366528
       -0.0011448406  -0.0003820792  -0.0000222528  -0.0003967609   0.0003567770
       -0.0001313597   0.0002183263   0.0038033412   0.0016978361   0.0011173685
       -0.0003089485  -0.0002917421  -0.0008087683   0.0001585051   0.0021250953
       -0.0004179741   0.0131520507  -0.0252169307  -0.0228947915  -0.0061804849
        0.0087334611  -0.2153896601  -0.0043801127  -0.0031628407   0.0021119154
        0.0006940066  -0.0000030202   0.0027763922   0.0000382546  -0.0001029975
        0.0003055483   0.0001071547  -0.0002076204   0.0002326905  -0.0003908097
       -0.0003130554   0.0008324139
       -0.0334169092  -0.0279340340   0.0068899872  -0.0910756314  -0.0582371343
        0.0190963685   0.0002817469  -0.0020519579  -0.0013978572  -0.0018661432
       -0.0039826402  -0.0004491097  -0.0307617279   0.0066794067  -0.0071076658
       -0.1820845927   0.0516698170  -0.0526788574   0.4079725608   0.0529827949
        0.0479479749  -0.0374696494  -0.0200207046  -0.0007577475  -0.0098099507
        0.0088744936   0.0024660144   0.0015278385   0.0013572900   0.0001020919
        0.0019540886   0.0003375932  -0.0000845143   0.0003337595  -0.0022218229
       -0.0006378492   0.0022787233  -0.0000631247   0.0009541471  -0.0067505008
        0.0015593644  -0.0023238242  -0.0049915253  -0.0111815257   0.0083619965
        0.0004553878  -0.0000145359  -0.0006878688  -0.0002313174  -0.0001176056
       -0.0001961510   0.0013030880  -0.0008099014   0.0000048501  -0.0228860380
        0.0038407969  -0.0207601602   0.0026618984   0.0005026024   0.0019674668
        0.0015689263  -0.0002421616  -0.0005259026   0.0000452750  -0.0009830187
       -0.0000158968  -0.0006235099   0.0000639779  -0.0001486896   0.0015842027
       -0.0000079698  -0.0000188031
       -0.0049926295  -0.0012906066  -0.0024522327  -0.0406531871  -0.1646400551
        0.0465094885  -0.0207434522  -0.0387877874   0.0084236966  -0.0026959273
        0.0022127264   0.0007809228   0.0252639246  -0.0031479595   0.0071490980
        0.0326148918  -0.0765826358   0.0182912699   0.0529827949   0.3144947304
       -0.0921633089  -0.0458844950  -0.0094016912  -0.0030460296   0.0078951106
       -0.0055485041  -0.0018498996   0.0002395484   0.0010584344  -0.0002516007
        0.0031877513  -0.0109193049  -0.0039947995   0.0011049772   0.0027496394
        0.0007943957   0.0006896424   0.0003088166  -0.0001106292   0.0010197200
        0.0008268389  -0.0000807589  -0.0105923677  -0.0161074198   0.0160582272
        0.0000419703   0.0016952046   0.0005002286  -0.0001111675  -0.0000376608
        0.0002013605  -0.0008031764   0.0009199625   0.0008677385   0.0032043586
        0.0020483592   0.0043946903   0.0013248983   0.0020521484  -0.0004607692
       -0.0001251969  -0.0005997246  -0.0001483969  -0.0002169661   0.0000595142
        0.0002571540  -0.0014765753  -0.0018621616   0.0002808505  -0.0012744476
        0.0004991366   0.0000493042
       -0.0052167555  -0.0076043397   0.0030120572   0.0096193829   0.0448075502
       -0.0702112750  -0.0049775762  -0.0058575282   0.0052547257  -0.0003315735
        0.0002814240  -0.0002672585   0.0069229534  -0.0000968916   0.0057412739
       -0.0480817693   0.0247904169  -0.0773761105   0.0479479749  -0.0921633089
        0.1505612000   0.0125042325   0.0009924626   0.0083416417   0.0026584225
       -0.0021105196   0.0014333403  -0.0000784439   0.0002019324   0.0004891323
        0.0006083423  -0.0031971283   0.0007675812   0.0007884053  -0.0000699972
        0.0017749246   0.0007593291  -0.0006254983   0.0015143746  -0.0023504741
        0.0000692197   0.0000267364   0.0187995073   0.0316496406  -0.0132890893
       -0.0003836225   0.0009472460   0.0017705494   0.0001590619  -0.0003924651
        0.0001702708  -0.0005144109   0.0008881483   0.0018115296  -0.0387463067
        0.0073287739  -0.0179606190   0.0002052394   0.0000125593  -0.0009542182
        0.0000035028  -0.0000585585  -0.0007704260   0.0000401705   0.0000884445
       -0.0002340317  -0.0003509801  -0.0002455555  -0.0000745644   0.0000153876
        0.0003639725  -0.0015317451
       -0.0011742372  -0.0024954917   0.0005380130  -0.0081523449   0.0028661512
       -0.0034828029  -0.0004988327   0.0006374176   0.0003306320  -0.0010135230
        0.0019627419   0.0009360486   0.0033100305   0.0081745883  -0.0043539594
       -0.1095930302  -0.0462940139   0.0344140004  -0.0374696494  -0.0458844950
        0.0125042325   0.3461709003  -0.0884808873  -0.1074919978   0.0035323213
        0.0017405824   0.0011187021   0.0006761291   0.0008290713  -0.0000380280
        0.0002698784  -0.0003460934  -0.0000128351  -0.0004063709   0.0002722622
       -0.0000559145   0.0000932262   0.0000524701   0.0001203473  -0.0007259628
        0.0002254101  -0.0001501292   0.0001162597   0.0001969829  -0.0003954550
        0.0000614515   0.0000135824   0.0001060617  -0.0000652594   0.0002185649
       -0.0000665931   0.0002120741   0.0000333089  -0.0002542478  -0.0026616549
       -0.0104494951   0.0099766810  -0.1936149239   0.1792071767   0.0565281073
        0.0004238487  -0.0019248036  -0.0002009256  -0.0000788037  -0.0001809562
        0.0000268956  -0.0000559567   0.0000316794  -0.0000689632   0.0006444299
       -0.0004057540  -0.0000278699
       -0.0000166817  -0.0017950443   0.0003174629  -0.0034497144   0.0020272415
       -0.0017654328   0.0009763815   0.0007675628   0.0005812005   0.0031905691
       -0.0022190377  -0.0028512919  -0.0138980108  -0.0421893387   0.0070726884
       -0.0707645193  -0.1801992267   0.0524633707  -0.0200207046  -0.0094016912
        0.0009924626  -0.0884808873   0.5162551776  -0.0265230433  -0.0004462557
        0.0003668821   0.0000221093  -0.0002233116  -0.0040671283  -0.0010284664
       -0.0003770953  -0.0001800511  -0.0001461923  -0.0006059493   0.0007849606
        0.0000173186  -0.0000143995   0.0000372651   0.0000142779  -0.0001734270
        0.0001693283  -0.0000747059   0.0006044742   0.0004084097  -0.0004933326
        0.0000450625   0.0000428422  -0.0000010547  -0.0000293754   0.0006078775
       -0.0004070294  -0.0007392890   0.0020431094   0.0011781063  -0.0136056127
       -0.0164567417   0.0176442492   0.2072854485  -0.2672457232  -0.0474087151
        0.0005032606   0.0001693910   0.0000692296  -0.0003552525   0.0003058306
        0.0001312732   0.0003173623   0.0002869760   0.0000621631   0.0002779276
       -0.0005188716   0.0001333520
       -0.0001754929   0.0000532155  -0.0002106326   0.0000047716  -0.0001764455
        0.0002193332  -0.0000183681   0.0000437333  -0.0005640054   0.0007310338
       -0.0015945187  -0.0006446624  -0.0036686866  -0.0086100289   0.0053832928
        0.0417552586   0.0444492123  -0.0796458397  -0.0007577475  -0.0030460296
        0.0083416417  -0.1074919978  -0.0265230433   0.0958354385  -0.0005544099
        0.0003822080   0.0020883681  -0.0001457670  -0.0004917143   0.0005980354
        0.0000236289  -0.0002485621   0.0004000029   0.0001739633  -0.0000730130
        0.0005227536   0.0001956235  -0.0000296271   0.0002610189  -0.0000963990
       -0.0000455998   0.0000261358  -0.0005032539  -0.0004557504   0.0006097384
        0.0001335804   0.0001402670   0.0003331667  -0.0000470236  -0.0007174649
        0.0004616729  -0.0007036305   0.0008208815   0.0021667257   0.0184786558
        0.0340741246  -0.0139688817   0.0527668949  -0.0379153764  -0.0192309698
        0.0000239997  -0.0002204175  -0.0020285419  -0.0000040382   0.0000333980
       -0.0003058317  -0.0000761825   0.0000122218  -0.0001354188  -0.0000444127
        0.0001383294  -0.0005125405
        0.0005783433  -0.0005471544  -0.0000665746   0.0012226748   0.0006321710
       -0.0010614745   0.0006388749  -0.0032950525   0.0012514804  -0.0328214215
       -0.0042884991  -0.0063707981  -0.2086763767   0.0413067993  -0.0606345447
       -0.0338269161   0.0066194397  -0.0073872501  -0.0098099507   0.0078951106
        0.0026584225   0.0035323213  -0.0004462557  -0.0005544099   0.4030921699
        0.1171635043   0.0779660011   0.0018460877  -0.0002048983  -0.0003468216
       -0.0027673061  -0.0017538149   0.0004078899  -0.0006077059   0.0004676722
        0.0001691270   0.0001202732   0.0000008197   0.0001335917   0.0000480345
        0.0000159308   0.0000475931   0.0001216712  -0.0000259910   0.0000071779
        0.0004537075   0.0002458846   0.0004575549   0.0014322193   0.0014337840
       -0.0003675942  -0.0190037786   0.0046082965  -0.0182627762   0.0015725298
       -0.0010010117  -0.0000321196  -0.0001554714  -0.0012421440  -0.0000796561
       -0.1072201465  -0.1668538378   0.0123532580  -0.0002681034  -0.0007785786
       -0.0002147913   0.0000272522   0.0004141298  -0.0000114358   0.0004710172
       -0.0003663045  -0.0000618497
        0.0001548306  -0.0000187434  -0.0000341175  -0.0008199986  -0.0014419776
        0.0001613308  -0.0017925833  -0.0037952453   0.0013437602  -0.0290013412
       -0.0018779363  -0.0100180785   0.0129387825  -0.0772609698   0.0128042596
        0.0252209348  -0.0046584634   0.0081621698   0.0088744936  -0.0055485041
       -0.0021105196   0.0017405824   0.0003668821   0.0003822080   0.1171635043
        0.4470308902  -0.0678277386  -0.0028567406   0.0030121117   0.0011496550
       -0.0026178246  -0.0006416668   0.0000098930   0.0000920526   0.0001673530
        0.0001056115  -0.0000330160  -0.0000548197  -0.0000202841   0.0001432274
       -0.0000134897  -0.0000350063  -0.0000039199   0.0000762038   0.0000055677
       -0.0000472495  -0.0000802236  -0.0000556846   0.0006939884   0.0011760800
       -0.0007304535   0.0077578263   0.0020717276   0.0042796161  -0.0011033201
        0.0010527675   0.0012455118   0.0001360614   0.0007594802  -0.0001878857
       -0.1383007397  -0.3617513052   0.0508020174   0.0017055701   0.0011584713
        0.0004782132   0.0002059808   0.0001664555   0.0000796843  -0.0002511019
        0.0001049219   0.0000102701
        0.0001167889  -0.0000912609  -0.0001765383  -0.0000558807  -0.0002277631
       -0.0007692609   0.0006921580   0.0007747590  -0.0000168464   0.0029066437
       -0.0017183233   0.0026027463  -0.0568704062   0.0228517399  -0.0747304021
        0.0056652133  -0.0015836699   0.0037844436   0.0024660144  -0.0018498996
        0.0014333403   0.0011187021   0.0000221093   0.0020883681   0.0779660011
       -0.0678277386   0.0906652729  -0.0007646777  -0.0007132980   0.0019910184
       -0.0000614630  -0.0002153868   0.0006200960  -0.0000646894   0.0001690495
        0.0002744044   0.0001166967  -0.0000497713   0.0001210030   0.0000012652
       -0.0000040985   0.0000224349  -0.0000929962   0.0000681211   0.0002816527
        0.0005977300   0.0001461505   0.0005319532  -0.0003086775  -0.0011021785
        0.0016125403  -0.0378957772   0.0061513523  -0.0150930636  -0.0005917363
        0.0012178656   0.0026737937  -0.0000699140  -0.0001972287  -0.0006803931
        0.0047134788   0.0430927490  -0.0151095704   0.0003650813   0.0009907743
       -0.0017115213   0.0000674402   0.0001076782  -0.0002735881  -0.0000169957
       -0.0000117313  -0.0001418835
        0.0003877668   0.0008891951   0.0007710384  -0.0080766890  -0.0005178463
       -0.0018440863  -0.0227113727   0.0305822352   0.0183703439  -0.0856008014
        0.0483576474   0.0287873989   0.0034089998  -0.0068725490  -0.0059467407
       -0.0017038592  -0.0022532546  -0.0001890076   0.0015278385   0.0002395484
       -0.0000784439   0.0006761291  -0.0002233116  -0.0001457670   0.0018460877
       -0.0028567406  -0.0007646777   0.5343723842  -0.0470948295   0.0165137236
        0.0011252912   0.0030081593  -0.0001368192  -0.0010730528   0.0009115408
        0.0000839429   0.0000170618  -0.0000399015   0.0000198851   0.0002266692
        0.0000549509  -0.0000147903   0.0000874162  -0.0001399123  -0.0003915517
        0.0019924942  -0.0005005311   0.0008074684   0.0019014463   0.0042384294
        0.0070385059   0.0003389878   0.0007602090  -0.0006822194   0.0000267268
       -0.0002748061  -0.0000781005  -0.0001488142  -0.0003257654  -0.0000194367
        0.0000083603   0.0000078049   0.0001688162  -0.4300797459  -0.0268117405
       -0.0618105689   0.0013405214  -0.0009119093  -0.0004724413   0.0001101540
       -0.0002266227   0.0000135279
       -0.0004000551  -0.0001810167  -0.0003567997   0.0014761599   0.0001662175
        0.0013465715   0.0099560157  -0.0125010750  -0.0042578814   0.0234745826
       -0.1647223799  -0.0786397289   0.0121508601  -0.0482312696  -0.0214146312
       -0.0076671424  -0.0034163327   0.0028033893   0.0013572900   0.0010584344
        0.0002019324   0.0008290713  -0.0040671283  -0.0004917143  -0.0002048983
        0.0030121117  -0.0007132980  -0.0470948295   0.2594387080   0.1368741526
       -0.0003606455   0.0034536308  -0.0004755642   0.0006999356  -0.0003194773
        0.0000558624  -0.0000205388  -0.0000498161   0.0000138559   0.0000487507
       -0.0000577700  -0.0000291847  -0.0003018597   0.0001548973   0.0001279078
       -0.0012742920   0.0005262557  -0.0002520502   0.0045638911  -0.0074420565
       -0.0173537015   0.0011201272   0.0028630059  -0.0009240065   0.0001984880
        0.0001177065   0.0002751622  -0.0000483386  -0.0004963284  -0.0002240608
        0.0011308233   0.0004271754   0.0002103840  -0.0010530802  -0.0296418077
       -0.0167520037   0.0017809988  -0.0003471223   0.0000108499  -0.0003613141
        0.0002554373  -0.0000354429
       -0.0002544585   0.0000774872  -0.0001301283  -0.0005888928   0.0005207865
        0.0002698036   0.0015278486   0.0006547920   0.0031510928   0.0123330656
       -0.0787105484  -0.1061209698   0.0014189507  -0.0060787807   0.0017322577
       -0.0007768403   0.0009022460   0.0004909412   0.0001020919  -0.0002516007
        0.0004891323  -0.0000380280  -0.0010284664   0.0005980354  -0.0003468216
        0.0011496550   0.0019910184   0.0165137236   0.1368741526   0.1447589660
        0.0009207113   0.0000962184   0.0018455806   0.0001796003  -0.0000758567
        0.0002525204   0.0001340193  -0.0001323567   0.0001786787  -0.0000524588
       -0.0000071806  -0.0000314624  -0.0003960407   0.0004454639   0.0005863858
        0.0009614177  -0.0000540523   0.0017581653   0.0150266487  -0.0349053353
       -0.0281175437  -0.0006580650  -0.0007431331   0.0016489205  -0.0001210167
        0.0006710099   0.0008160518  -0.0000037200   0.0000752448  -0.0001924458
        0.0004616534   0.0000577959  -0.0006021424  -0.0456717460  -0.0198908039
       -0.0233315603  -0.0005373112   0.0002463032  -0.0019081100  -0.0001343316
        0.0001069594  -0.0001331877
       -0.0011862507   0.0002345180   0.0000991992   0.0048470281   0.0021133260
       -0.0032930145  -0.1240759842  -0.0567577495   0.0449337307  -0.0351957659
       -0.0362363661   0.0118896860  -0.0069545905   0.0023904561  -0.0023327683
       -0.0015996142   0.0014861693   0.0003387215   0.0019540886   0.0031877513
        0.0006083423   0.0002698784  -0.0003770953   0.0000236289  -0.0027673061
       -0.0026178246  -0.0000614630   0.0011252912  -0.0003606455   0.0009207113
        0.2989486142  -0.0518746859  -0.1411081798   0.0008428213   0.0000653593
        0.0000517928   0.0000868434  -0.0001399709   0.0001071621   0.0003837958
        0.0003896165  -0.0002199238   0.0000333548   0.0004123391  -0.0002332577
       -0.0027531068  -0.0101707365   0.0107549287   0.0030393493  -0.0000445980
        0.0012979267   0.0001300426   0.0001197392  -0.0002688758   0.0001433921
       -0.0000735438   0.0000680957   0.0000180767   0.0000726034  -0.0000717421
       -0.0006060773  -0.0000568010   0.0000090204   0.0008603562  -0.0006603481
       -0.0003532917  -0.1373163761   0.1487421109   0.0768744978  -0.0002278611
        0.0001563763  -0.0000349273
       -0.0013406801  -0.0003861451  -0.0000839151  -0.0161537387  -0.0317578426
        0.0086189464  -0.0840225489  -0.1628901251   0.0481994626  -0.0144598495
       -0.0118453338   0.0013091659  -0.0010127811   0.0018162020  -0.0009349386
        0.0011335633   0.0009089928   0.0010362919   0.0003375932  -0.0109193049
       -0.0031971283  -0.0003460934  -0.0001800511  -0.0002485621  -0.0017538149
       -0.0006416668  -0.0002153868   0.0030081593   0.0034536308   0.0000962184
       -0.0518746859   0.5148148232   0.0315625919   0.0002015844   0.0001294360
       -0.0001190052  -0.0003958854   0.0001285148   0.0000998929   0.0006729063
       -0.0002772824  -0.0002023715  -0.0003926832   0.0017382967   0.0005104903
       -0.0115115350  -0.0148475300   0.0170988430   0.0006163942   0.0002547387
       -0.0004342425   0.0004941299   0.0002653825  -0.0004100476   0.0000219999
        0.0000273670  -0.0000486239   0.0002452833   0.0003342209   0.0000964511
        0.0001041372  -0.0000228742   0.0000209856   0.0005617531  -0.0004374057
        0.0000318056   0.1761102447  -0.2900741868  -0.1028705047  -0.0002434525
        0.0004081430   0.0000835805
       -0.0000942603  -0.0001534019  -0.0004287498  -0.0054628730  -0.0063041268
        0.0051378335   0.0467181578   0.0355264384  -0.0799227457  -0.0000312202
       -0.0005001267   0.0036775019  -0.0008492566  -0.0003709521   0.0004513264
        0.0001448326  -0.0000044847  -0.0009960265  -0.0000845143  -0.0039947995
        0.0007675812  -0.0000128351  -0.0001461923   0.0004000029   0.0004078899
        0.0000098930   0.0006200960  -0.0001368192  -0.0004755642   0.0018455806
       -0.1411081798   0.0315625919   0.1299104653  -0.0001581018   0.0004877251
        0.0007851577   0.0002809072  -0.0004587699   0.0005784059   0.0000949144
       -0.0002270916  -0.0005545534  -0.0002837088   0.0010963920   0.0018386811
        0.0219948619   0.0324966325  -0.0152169453   0.0010728042  -0.0005872021
        0.0016835132  -0.0005019941  -0.0004443835   0.0004885990   0.0000554705
        0.0001253591   0.0003724204  -0.0000560499  -0.0000008536  -0.0001345364
       -0.0000618451  -0.0000522373  -0.0001685300  -0.0001535737   0.0003919989
       -0.0005136412   0.0782709080  -0.0879852193  -0.0503866262  -0.0000455145
        0.0000083746  -0.0002348105
       -0.0972335762   0.0338538359   0.0434320367  -0.0236150851   0.0352964187
        0.0172573506  -0.0084308201   0.0005439098  -0.0024251934   0.0000279041
        0.0011320516   0.0009199537   0.0006494698   0.0001159023  -0.0001382104
        0.0018247086   0.0011361824   0.0001972618   0.0003337595   0.0011049772
        0.0007884053  -0.0004063709  -0.0006059493   0.0001739633  -0.0006077059
        0.0000920526  -0.0000646894  -0.0010730528   0.0006999356   0.0001796003
        0.0008428213   0.0002015844  -0.0001581018   0.3255871422   0.1172968194
       -0.1245639859  -0.0009146145   0.0074119181   0.0097737129   0.0074388954
       -0.0134330060  -0.0089100477   0.0023535510  -0.0010042543   0.0013195592
        0.0000226116  -0.0001882651  -0.0003106864   0.0000487203  -0.0000649769
        0.0001076154   0.0000267902   0.0000455997  -0.0000727901  -0.0000194471
        0.0000455085   0.0000553294   0.0002249612   0.0002964649  -0.0000539586
        0.0001732440  -0.0000331504  -0.0000122158  -0.0000523993   0.0000264320
       -0.0000010577  -0.0001149142  -0.0002329437   0.0000458110  -0.2070865931
       -0.1837370475   0.0624603376
        0.0583825566  -0.1687648634  -0.0754416830   0.0198870220  -0.0221297311
       -0.0086725945   0.0044734691   0.0003130409   0.0020551470  -0.0002740140
       -0.0008602912  -0.0006998652  -0.0006163515  -0.0002044129   0.0000761106
       -0.0008456963  -0.0010182367  -0.0002366528  -0.0022218229   0.0027496394
       -0.0000699972   0.0002722622   0.0007849606  -0.0000730130   0.0004676722
        0.0001673530   0.0001690495   0.0009115408  -0.0003194773  -0.0000758567
        0.0000653593   0.0001294360   0.0004877251   0.1172968194   0.4762251686
        0.0664515124   0.0063415495  -0.0060648650  -0.0168546800   0.0082314239
       -0.0318334908  -0.0147227913  -0.0011725065   0.0004697470  -0.0002099958
       -0.0003422178   0.0003731242   0.0004112589   0.0000093234   0.0000331911
       -0.0000447389  -0.0000936646  -0.0000077513   0.0001023362  -0.0000753776
        0.0000041772  -0.0000287885   0.0001815891  -0.0001210242  -0.0000308610
       -0.0000477466  -0.0000422768  -0.0000556749   0.0000230615  -0.0000605450
        0.0000152544   0.0001027793   0.0002648756  -0.0002966672  -0.2109570307
       -0.2500877478   0.0477454657
        0.0520619529  -0.0624495125  -0.1026340996   0.0036151592  -0.0025037176
        0.0038446458  -0.0003491138   0.0006341718   0.0006185856  -0.0000926072
       -0.0001797814  -0.0001627129  -0.0002556836  -0.0000589917  -0.0001147132
       -0.0001198005  -0.0002990794  -0.0011448406  -0.0006378492   0.0007943957
        0.0017749246  -0.0000559145   0.0000173186   0.0005227536   0.0001691270
        0.0001056115   0.0002744044   0.0000839429   0.0000558624   0.0002525204
        0.0000517928  -0.0001190052   0.0007851577  -0.1245639859   0.0664515124
        0.1451846947   0.0173026776  -0.0349873008  -0.0263477713  -0.0025987954
        0.0000043185   0.0034423120   0.0014425162  -0.0000418755   0.0017372507
       -0.0004605829   0.0005008525   0.0006268388   0.0001561460  -0.0000762969
        0.0001611343  -0.0001556217   0.0000307941   0.0001983118   0.0000128478
       -0.0000103621   0.0002424276   0.0000795080   0.0000413350  -0.0004220425
        0.0000092632  -0.0000295724  -0.0001140686   0.0000035073   0.0000262170
       -0.0000630504  -0.0000520551   0.0001204611  -0.0003122722   0.0543535688
        0.0319726449  -0.0283503905
       -0.0424710127  -0.0044432415  -0.0005009667  -0.0059469870   0.0075340284
       -0.0300270836   0.0005756759  -0.0005949463  -0.0013349584   0.0000668723
       -0.0000012453   0.0000682229   0.0000430008   0.0000007481  -0.0001344001
       -0.0001348057   0.0000938668  -0.0003820792   0.0022787233   0.0006896424
        0.0007593291   0.0000932262  -0.0000143995   0.0001956235   0.0001202732
       -0.0000330160   0.0001166967   0.0000170618  -0.0000205388   0.0001340193
        0.0000868434  -0.0003958854   0.0002809072  -0.0009146145   0.0063415495
        0.0173026776   0.0511469782  -0.0045473450  -0.0022771583   0.0001344305
       -0.0058099292   0.0185151428  -0.0054644355   0.0010452877  -0.0023114852
       -0.0002187053   0.0003545259   0.0003323266   0.0001194998  -0.0000888816
        0.0001513939  -0.0000787940   0.0000097656   0.0000540893   0.0001409488
        0.0000111753   0.0002412927  -0.0000402907   0.0000020662  -0.0000870297
        0.0000146549  -0.0000033963  -0.0000309733   0.0000101182  -0.0000143307
       -0.0000420208  -0.0000335787  -0.0000412371  -0.0000670600   0.0004549167
       -0.0000742633  -0.0009565063
       -0.0040162907  -0.0497070510   0.0432468965   0.0012282474  -0.0008034824
        0.0062812818   0.0000059555   0.0001973612   0.0012815544  -0.0000076657
        0.0000748961  -0.0000538931  -0.0000035004   0.0000099363   0.0000428490
       -0.0002722552  -0.0000276072  -0.0000222528  -0.0000631247   0.0003088166
       -0.0006254983   0.0000524701   0.0000372651  -0.0000296271   0.0000008197
       -0.0000548197  -0.0000497713  -0.0000399015  -0.0000498161  -0.0001323567
       -0.0001399709   0.0001285148  -0.0004587699   0.0074119181  -0.0060648650
       -0.0349873008  -0.0045473450   0.0609254002  -0.0363583518  -0.0015495541
       -0.0054254443   0.0238942971   0.0015010769   0.0002351441   0.0001944733
        0.0005281762  -0.0002250409  -0.0003758197  -0.0001323403   0.0000251943
       -0.0001277258   0.0000370655   0.0000204544  -0.0000307021  -0.0000417132
       -0.0000777097  -0.0000005090  -0.0000248811  -0.0000347734  -0.0000211847
       -0.0000251908   0.0000194423   0.0000090171   0.0000029944   0.0000139238
        0.0000355622   0.0001843796  -0.0001195766   0.0001181118  -0.0000893700
        0.0005938370  -0.0018302803
       -0.0031412346   0.0429159438  -0.2425465974  -0.0057701517   0.0054621897
       -0.0170563647   0.0004184051  -0.0001713477   0.0000006692   0.0000404514
       -0.0000821221   0.0000244976   0.0000900522  -0.0000286280  -0.0001234065
        0.0002173836  -0.0000777674  -0.0003967609   0.0009541471  -0.0001106292
        0.0015143746   0.0001203473   0.0000142779   0.0002610189   0.0001335917
       -0.0000202841   0.0001210030   0.0000198851   0.0000138559   0.0001786787
        0.0001071621   0.0000998929   0.0005784059   0.0097737129  -0.0168546800
       -0.0263477713  -0.0022771583  -0.0363583518   0.2937845407   0.0014975750
        0.0048200500  -0.0108743554  -0.0026030411   0.0001982593  -0.0004368031
       -0.0002171834   0.0001928403   0.0005825195   0.0001902476  -0.0001102930
        0.0001074832  -0.0000663248   0.0000083508   0.0001124688   0.0002039624
        0.0000298723   0.0002265509  -0.0000196117  -0.0000098997  -0.0001551654
        0.0000180848  -0.0000090089  -0.0000450358   0.0000414639  -0.0000122692
       -0.0000521931  -0.0000252990  -0.0000496347  -0.0002296759   0.0002935325
        0.0001393825   0.0007719185
       -0.1250599529  -0.1106650381   0.0324892267  -0.0194487645  -0.0201678152
        0.0064369315  -0.0005672295  -0.0010304313   0.0003552742   0.0000056802
       -0.0001676410   0.0000218393   0.0000780806  -0.0001077618  -0.0000371966
       -0.0006784146  -0.0012264085   0.0003567770  -0.0067505008   0.0010197200
       -0.0023504741  -0.0007259628  -0.0001734270  -0.0000963990   0.0000480345
        0.0001432274   0.0000012652   0.0002266692   0.0000487507  -0.0000524588
        0.0003837958   0.0006729063   0.0000949144   0.0074388954   0.0082314239
       -0.0025987954   0.0001344305  -0.0015495541   0.0014975750   0.1432887594
        0.1235376300  -0.0373185534   0.0005915464  -0.0004274653   0.0002591980
       -0.0000886371  -0.0000108038   0.0000233600   0.0000557582  -0.0000413500
        0.0000304554   0.0000531889   0.0000098973  -0.0000713051   0.0000130267
        0.0000026886   0.0000516393   0.0000570008   0.0001102456   0.0000370546
        0.0000798717  -0.0000273991  -0.0000019019   0.0000342752  -0.0000807401
        0.0000111132   0.0002435583  -0.0001878057  -0.0003082141   0.0005868903
        0.0020871513   0.0011686746
       -0.1078635801  -0.1794431496   0.0436643995  -0.0013190094   0.0015218159
       -0.0003045175   0.0004332016   0.0004937887   0.0001832900  -0.0001726552
       -0.0000766764   0.0000233174  -0.0000807501   0.0000154066   0.0000429516
        0.0000105518   0.0000352252  -0.0001313597   0.0015593644   0.0008268389
        0.0000692197   0.0002254101   0.0001693283  -0.0000455998   0.0000159308
       -0.0000134897  -0.0000040985   0.0000549509  -0.0000577700  -0.0000071806
        0.0003896165  -0.0002772824  -0.0002270916  -0.0134330060  -0.0318334908
        0.0000043185  -0.0058099292  -0.0054254443   0.0048200500   0.1235376300
        0.2192286864  -0.0457830455   0.0001795108   0.0001637065  -0.0001062770
       -0.0001087160  -0.0001108624   0.0000984199   0.0000132458   0.0000116073
       -0.0000132966  -0.0000054669  -0.0000111686   0.0000067450  -0.0000170717
       -0.0000124223  -0.0000240890   0.0000472354  -0.0000045631   0.0000168038
       -0.0000018656  -0.0000004372   0.0000021421   0.0000206973  -0.0000050611
       -0.0000075078   0.0001563004  -0.0001634075   0.0000237101   0.0021684042
       -0.0050311785  -0.0023013038
        0.0353178928   0.0476919911  -0.0585546894  -0.0057223171  -0.0061272844
        0.0021752175   0.0006482469  -0.0000597964   0.0002864815  -0.0000243838
        0.0000201733  -0.0000542934   0.0000082391  -0.0000205330  -0.0000630375
       -0.0002464477  -0.0002630898   0.0002183263  -0.0023238242  -0.0000807589
        0.0000267364  -0.0001501292  -0.0000747059   0.0000261358   0.0000475931
       -0.0000350063   0.0000224349  -0.0000147903  -0.0000291847  -0.0000314624
       -0.0002199238  -0.0002023715  -0.0005545534  -0.0089100477  -0.0147227913
        0.0034423120   0.0185151428   0.0238942971  -0.0108743554  -0.0373185534
       -0.0457830455   0.0639849442  -0.0005913172  -0.0004323817   0.0000996561
        0.0001025181   0.0001380011  -0.0001734676  -0.0000531274  -0.0000224471
       -0.0000230469  -0.0000246969   0.0000090547   0.0000033205   0.0001093734
       -0.0000245170   0.0000807334  -0.0000251543  -0.0000071645  -0.0000360608
       -0.0000055331  -0.0000007117  -0.0000050379   0.0000096199   0.0000005750
        0.0000052237   0.0000873714  -0.0000468610   0.0001912283   0.0007842485
       -0.0038214417  -0.0001927457
       -0.0045069699   0.0034110284  -0.0288063237  -0.0418409587   0.0019360230
       -0.0047711619   0.0003615451   0.0015540169   0.0117931785   0.0004025252
        0.0002019953   0.0012213109  -0.0003770505   0.0000624217  -0.0001523889
        0.0017673366  -0.0013555607   0.0038033412  -0.0049915253  -0.0105923677
        0.0187995073   0.0001162597   0.0006044742  -0.0005032539   0.0001216712
       -0.0000039199  -0.0000929962   0.0000874162  -0.0003018597  -0.0003960407
        0.0000333548  -0.0003926832  -0.0002837088   0.0023535510  -0.0011725065
        0.0014425162  -0.0054644355   0.0015010769  -0.0026030411   0.0005915464
        0.0001795108  -0.0005913172   0.0521442547   0.0020401206   0.0016767498
       -0.0005416591   0.0016762872   0.0011057903  -0.0002909837   0.0004320170
       -0.0001028169   0.0001070624  -0.0000745253  -0.0002236999   0.0002870591
        0.0001863465  -0.0009787002   0.0000723834   0.0001235883  -0.0000243764
       -0.0000033001  -0.0000084941   0.0000454284  -0.0000305785  -0.0000095043
        0.0000005397  -0.0000919070  -0.0000055284  -0.0000078777  -0.0003065976
        0.0000080430  -0.0003506586
        0.0017996307   0.0003862324   0.0064970314   0.0034414974  -0.0421639727
        0.0195020926   0.0013230476  -0.0003776392  -0.0251142142  -0.0008416469
        0.0003374246  -0.0009403897  -0.0000606379  -0.0000619743  -0.0002720233
        0.0012776152  -0.0001707401   0.0016978361  -0.0111815257  -0.0161074198
        0.0316496406   0.0001969829   0.0004084097  -0.0004557504  -0.0000259910
        0.0000762038   0.0000681211  -0.0001399123   0.0001548973   0.0004454639
        0.0004123391   0.0017382967   0.0010963920  -0.0010042543   0.0004697470
       -0.0000418755   0.0010452877   0.0002351441   0.0001982593  -0.0004274653
        0.0001637065  -0.0004323817   0.0020401206   0.0590245766  -0.0309018446
        0.0017241767  -0.0039628968  -0.0024795097   0.0003535598  -0.0001291321
        0.0001469280  -0.0000032939  -0.0002205504  -0.0000426053  -0.0001813371
        0.0001607494  -0.0008957020   0.0000833944   0.0001709745   0.0001142438
        0.0000558538  -0.0000311125  -0.0000246045   0.0000478093   0.0000251431
        0.0000030811  -0.0000921330   0.0002507845  -0.0001845739   0.0001568824
       -0.0003768522   0.0003663850
       -0.0038025157   0.0015479440  -0.0140197213  -0.0073895363   0.0177097963
       -0.2463489083   0.0014133988  -0.0028411014  -0.0212880919  -0.0002708428
        0.0006069344  -0.0001628326   0.0000522858   0.0000314977  -0.0004291238
       -0.0003173513  -0.0000463549   0.0011173685   0.0083619965   0.0160582272
       -0.0132890893  -0.0003954550  -0.0004933326   0.0006097384   0.0000071779
        0.0000055677   0.0002816527  -0.0003915517   0.0001279078   0.0005863858
       -0.0002332577   0.0005104903   0.0018386811   0.0013195592  -0.0002099958
        0.0017372507  -0.0023114852   0.0001944733  -0.0004368031   0.0002591980
       -0.0001062770   0.0000996561   0.0016767498  -0.0309018446   0.2912602126
        0.0013894949  -0.0026905528  -0.0014776080   0.0003585867  -0.0002253837
        0.0005115299  -0.0002771680  -0.0000792736   0.0001898914   0.0012831686
        0.0002117175   0.0002071478  -0.0000727469  -0.0001805276  -0.0002039714
       -0.0000916081  -0.0000233260  -0.0000827230  -0.0000287864   0.0001138736
       -0.0000686993  -0.0003615401   0.0004774228  -0.0000852982  -0.0001777710
        0.0002021175  -0.0005466451
        0.0004634700   0.0002481966   0.0014555323   0.0007648936   0.0008192172
        0.0112159932  -0.0422662625   0.0041763500  -0.0172075930  -0.0082701140
        0.0023009160  -0.0306872758   0.0001819610   0.0008760190  -0.0013735753
       -0.0004260236  -0.0000746160  -0.0003089485   0.0004553878   0.0000419703
       -0.0003836225   0.0000614515   0.0000450625   0.0001335804   0.0004537075
       -0.0000472495   0.0005977300   0.0019924942  -0.0012742920   0.0009614177
       -0.0027531068  -0.0115115350   0.0219948619   0.0000226116  -0.0003422178
       -0.0004605829  -0.0002187053   0.0005281762  -0.0002171834  -0.0000886371
       -0.0001087160   0.0001025181  -0.0005416591   0.0017241767   0.0013894949
        0.0556820697   0.0021256401   0.0145876073  -0.0056278625   0.0007757840
       -0.0019252572  -0.0005933669  -0.0004012302   0.0002695987  -0.0001105143
        0.0001205967   0.0002701211  -0.0000032849   0.0000028257  -0.0000560532
        0.0000148892  -0.0000766745  -0.0000213093   0.0003262599  -0.0000838405
       -0.0002847899   0.0004297649   0.0001895426  -0.0000599925   0.0000505761
       -0.0000541022   0.0000077276
       -0.0008132183   0.0004545095  -0.0009630140   0.0004194338  -0.0009101663
       -0.0249465140   0.0045205111  -0.0407293409   0.0105342523   0.0024945539
        0.0009870569   0.0056302407  -0.0003904875   0.0001866036  -0.0005724301
       -0.0000241696  -0.0002053057  -0.0002917421  -0.0000145359   0.0016952046
        0.0009472460   0.0000135824   0.0000428422   0.0001402670   0.0002458846
       -0.0000802236   0.0001461505  -0.0005005311   0.0005262557  -0.0000540523
       -0.0101707365  -0.0148475300   0.0324966325  -0.0001882651   0.0003731242
        0.0005008525   0.0003545259  -0.0002250409   0.0001928403  -0.0000108038
       -0.0001108624   0.0001380011   0.0016762872  -0.0039628968  -0.0026905528
        0.0021256401   0.0569679621  -0.0229414865   0.0008458095   0.0000701139
        0.0001792378  -0.0004226000   0.0000338761   0.0000660263   0.0001756947
        0.0000341392   0.0001968108   0.0000120318   0.0000064674  -0.0000798186
        0.0000104387  -0.0000094148  -0.0000299816  -0.0002079884  -0.0000641957
        0.0000706728  -0.0000974445  -0.0002771353   0.0014426443  -0.0000536126
        0.0000439572  -0.0001122828
       -0.0005227872   0.0006265207   0.0000472750   0.0008768020  -0.0028071222
       -0.0197713254  -0.0199457160   0.0093895366  -0.2415874355  -0.0062375031
        0.0005746634  -0.0156456713   0.0002904764   0.0001101400  -0.0002803553
       -0.0001355527  -0.0004164113  -0.0008087683  -0.0006878688   0.0005002286
        0.0017705494   0.0001060617  -0.0000010547   0.0003331667   0.0004575549
       -0.0000556846   0.0005319532   0.0008074684  -0.0002520502   0.0017581653
        0.0107549287   0.0170988430  -0.0152169453  -0.0003106864   0.0004112589
        0.0006268388   0.0003323266  -0.0003758197   0.0005825195   0.0000233600
        0.0000984199  -0.0001734676   0.0011057903  -0.0024795097  -0.0014776080
        0.0145876073  -0.0229414865   0.2892496116  -0.0022431313   0.0002954429
       -0.0005223888  -0.0002865844  -0.0002178662   0.0005571654   0.0001661056
        0.0001874014   0.0002938771  -0.0000479843   0.0000473766  -0.0001437324
        0.0000096502  -0.0000086345  -0.0000990525   0.0005468808   0.0001094722
       -0.0002180734   0.0003703476   0.0000502197   0.0003722435  -0.0000175462
        0.0000561156  -0.0001785417
       -0.0000196220  -0.0000160261   0.0001081587   0.0005711229  -0.0005593015
       -0.0012426636  -0.0069320548   0.0069347918  -0.0290729796  -0.0453066573
        0.0012614007  -0.0185337850   0.0007150554  -0.0067827280   0.0161234411
        0.0000161932   0.0005744047   0.0001585051  -0.0002313174  -0.0001111675
        0.0001590619  -0.0000652594  -0.0000293754  -0.0000470236   0.0014322193
        0.0006939884  -0.0003086775   0.0019014463   0.0045638911   0.0150266487
        0.0030393493   0.0006163942   0.0010728042   0.0000487203   0.0000093234
        0.0001561460   0.0001194998  -0.0001323403   0.0001902476   0.0000557582
        0.0000132458  -0.0000531274  -0.0002909837   0.0003535598   0.0003585867
       -0.0056278625   0.0008458095  -0.0022431313   0.0520352121  -0.0058111275
        0.0162875618  -0.0014776403  -0.0027280456   0.0008582124   0.0001681490
        0.0000464678  -0.0000209739   0.0000199636   0.0000026084  -0.0000399653
        0.0001584393   0.0001890038   0.0001426435   0.0000567923   0.0001853652
        0.0012975578  -0.0003696094  -0.0001149687  -0.0003269291  -0.0000169145
       -0.0000051738  -0.0000503194
        0.0000683021  -0.0000196544  -0.0000120352   0.0000287103   0.0001609030
        0.0009121437   0.0006855306   0.0000383927   0.0038927586   0.0015749073
       -0.0464087219   0.0413168444  -0.0004051150  -0.0089846238   0.0257150355
       -0.0004601925   0.0002102273   0.0021250953  -0.0001176056  -0.0000376608
       -0.0003924651   0.0002185649   0.0006078775  -0.0007174649   0.0014337840
        0.0011760800  -0.0011021785   0.0042384294  -0.0074420565  -0.0349053353
       -0.0000445980   0.0002547387  -0.0005872021  -0.0000649769   0.0000331911
       -0.0000762969  -0.0000888816   0.0000251943  -0.0001102930  -0.0000413500
        0.0000116073  -0.0000224471   0.0004320170  -0.0001291321  -0.0002253837
        0.0007757840   0.0000701139   0.0002954429  -0.0058111275   0.0647558159
       -0.0363339729  -0.0025971608  -0.0041065622   0.0014779827  -0.0000449070
       -0.0006583299  -0.0005356904   0.0000697997   0.0000453394   0.0000485136
        0.0002738807   0.0001684011   0.0002144788   0.0000199704   0.0004685601
       -0.0007126830  -0.0001494117  -0.0002149564  -0.0003156492   0.0000056462
       -0.0000247441   0.0000508018
       -0.0000289968  -0.0000174701  -0.0000037352   0.0004781561  -0.0001698310
        0.0000171417  -0.0046808375   0.0037318778  -0.0130546481  -0.0188309782
        0.0432093481  -0.2329476374   0.0003562568   0.0076020049  -0.0139923907
       -0.0000229649  -0.0001286870  -0.0004179741  -0.0001961510   0.0002013605
        0.0001702708  -0.0000665931  -0.0004070294   0.0004616729  -0.0003675942
       -0.0007304535   0.0016125403   0.0070385059  -0.0173537015  -0.0281175437
        0.0012979267  -0.0004342425   0.0016835132   0.0001076154  -0.0000447389
        0.0001611343   0.0001513939  -0.0001277258   0.0001074832   0.0000304554
       -0.0000132966  -0.0000230469  -0.0001028169   0.0001469280   0.0005115299
       -0.0019252572   0.0001792378  -0.0005223888   0.0162875618  -0.0363339729
        0.2853899431   0.0011185790   0.0017221865  -0.0003805143  -0.0000512189
        0.0001138375   0.0006353187  -0.0000027653  -0.0000293860  -0.0000815547
       -0.0002135760  -0.0005240564  -0.0002366175  -0.0000607171  -0.0003425621
       -0.0001190789  -0.0002764868  -0.0002686279  -0.0007701911  -0.0000394971
        0.0000190005  -0.0000832267
       -0.0000706756   0.0000877210   0.0001257740  -0.0003496846  -0.0000848440
        0.0003718617   0.0004406042  -0.0006021040   0.0013403290  -0.0006391309
       -0.0034928257   0.0145057755  -0.0373095424  -0.0016619071   0.0050063900
        0.0001481680   0.0002387517   0.0131520507   0.0013030880  -0.0008031764
       -0.0005144109   0.0002120741  -0.0007392890  -0.0007036305  -0.0190037786
        0.0077578263  -0.0378957772   0.0003389878   0.0011201272  -0.0006580650
        0.0001300426   0.0004941299  -0.0005019941   0.0000267902  -0.0000936646
       -0.0001556217  -0.0000787940   0.0000370655  -0.0000663248   0.0000531889
       -0.0000054669  -0.0000246969   0.0001070624  -0.0000032939  -0.0002771680
       -0.0005933669  -0.0004226000  -0.0002865844  -0.0014776403  -0.0025971608
        0.0011185790   0.0578995021  -0.0013734938   0.0051936250  -0.0010203754
        0.0020762998   0.0014050770  -0.0000783686  -0.0001074275   0.0001045918
        0.0000533731   0.0000385337  -0.0012119126  -0.0001965464   0.0001173253
       -0.0001747759   0.0000780944   0.0000156500   0.0000747335   0.0000269277
        0.0000038234   0.0000721750
        0.0000201160  -0.0000490740  -0.0000329656  -0.0001645843  -0.0001370278
        0.0000743729   0.0006713027   0.0000038435   0.0006999729  -0.0038278724
       -0.0066052437   0.0261877599  -0.0010810063  -0.0487454395   0.0298764032
        0.0023548450   0.0004561710  -0.0252169307  -0.0008099014   0.0009199625
        0.0008881483   0.0000333089   0.0020431094   0.0008208815   0.0046082965
        0.0020717276   0.0061513523   0.0007602090   0.0028630059  -0.0007431331
        0.0001197392   0.0002653825  -0.0004443835   0.0000455997  -0.0000077513
        0.0000307941   0.0000097656   0.0000204544   0.0000083508   0.0000098973
       -0.0000111686   0.0000090547  -0.0000745253  -0.0002205504  -0.0000792736
       -0.0004012302   0.0000338761  -0.0002178662  -0.0027280456  -0.0041065622
        0.0017221865  -0.0013734938   0.0548493929  -0.0362767938   0.0021101012
       -0.0037667852  -0.0028239187  -0.0000020908   0.0002565172  -0.0002343078
       -0.0003705138   0.0003745175  -0.0009085781   0.0000858967  -0.0005404890
        0.0004097533   0.0000365922   0.0000103756   0.0001422737  -0.0000324063
        0.0000217557  -0.0000431529
        0.0000095687  -0.0000836601  -0.0001569856   0.0004481840  -0.0001120668
       -0.0005067600  -0.0002805632  -0.0001256472  -0.0002549360   0.0025309193
        0.0041390144  -0.0120741063   0.0070582537   0.0288570222  -0.2442712900
        0.0031920133  -0.0013289390  -0.0228947915   0.0000048501   0.0008677385
        0.0018115296  -0.0002542478   0.0011781063   0.0021667257  -0.0182627762
        0.0042796161  -0.0150930636  -0.0006822194  -0.0009240065   0.0016489205
       -0.0002688758  -0.0004100476   0.0004885990  -0.0000727901   0.0001023362
        0.0001983118   0.0000540893  -0.0000307021   0.0001124688  -0.0000713051
        0.0000067450   0.0000033205  -0.0002236999  -0.0000426053   0.0001898914
        0.0002695987   0.0000660263   0.0005571654   0.0008582124   0.0014779827
       -0.0003805143   0.0051936250  -0.0362767938   0.2908844893   0.0013947351
       -0.0027032319  -0.0016475867  -0.0003190487   0.0004467150  -0.0003052257
       -0.0003831730   0.0002424316   0.0003170535  -0.0001752561   0.0003751013
       -0.0005152535  -0.0000247140   0.0000074980  -0.0001589250   0.0000046198
       -0.0000086333  -0.0001190373
       -0.0001427434   0.0000240299   0.0002170435   0.0011170662   0.0024263999
       -0.0029802117  -0.0003422010  -0.0001532436   0.0002507091  -0.0000572434
       -0.0006669622   0.0000145870   0.0013402624   0.0019672451   0.0134497842
       -0.0369861016   0.0052939006  -0.0061804849  -0.0228860380   0.0032043586
       -0.0387463067  -0.0026616549  -0.0136056127   0.0184786558   0.0015725298
       -0.0011033201  -0.0005917363   0.0000267268   0.0001984880  -0.0001210167
        0.0001433921   0.0000219999   0.0000554705  -0.0000194471  -0.0000753776
        0.0000128478   0.0001409488  -0.0000417132   0.0002039624   0.0000130267
       -0.0000170717   0.0001093734   0.0002870591  -0.0001813371   0.0012831686
       -0.0001105143   0.0001756947   0.0001661056   0.0001681490  -0.0000449070
       -0.0000512189  -0.0010203754   0.0021101012   0.0013947351   0.0592239645
        0.0002803907   0.0122109112   0.0003146176   0.0004928608   0.0005525079
       -0.0002504981  -0.0000112534   0.0003678130   0.0000119103  -0.0000611127
        0.0000787304  -0.0000250233  -0.0000208513  -0.0000387595   0.0001421870
       -0.0002127066  -0.0001366706
       -0.0000491305  -0.0000164752   0.0000370008  -0.0001570914   0.0011895332
       -0.0013705208   0.0001887774  -0.0001055732  -0.0000714512   0.0005818320
        0.0007301395  -0.0016512805   0.0006271876  -0.0008221415  -0.0236443838
        0.0042369917  -0.0429687513   0.0087334611   0.0038407969   0.0020483592
        0.0073287739  -0.0104494951  -0.0164567417   0.0340741246  -0.0010010117
        0.0010527675   0.0012178656  -0.0002748061   0.0001177065   0.0006710099
       -0.0000735438   0.0000273670   0.0001253591   0.0000455085   0.0000041772
       -0.0000103621   0.0000111753  -0.0000777097   0.0000298723   0.0000026886
       -0.0000124223  -0.0000245170   0.0001863465   0.0001607494   0.0002117175
        0.0001205967   0.0000341392   0.0001874014   0.0000464678  -0.0006583299
        0.0001138375   0.0020762998  -0.0037667852  -0.0027032319   0.0002803907
        0.0597757803  -0.0247584633  -0.0001443190  -0.0002095493   0.0015196950
       -0.0000634634  -0.0002528567   0.0000368614  -0.0000319406   0.0001490496
       -0.0000765670   0.0000384393   0.0000340495  -0.0000394985  -0.0000386973
        0.0000235180   0.0000632958
        0.0000443826   0.0000632205  -0.0000245774   0.0005956510  -0.0000083357
        0.0010835467  -0.0002274241  -0.0000914858  -0.0005442241   0.0000431309
        0.0006952551  -0.0006851527   0.0005561640  -0.0032175929  -0.0231457190
       -0.0038604134   0.0079221273  -0.2153896601  -0.0207601602   0.0043946903
       -0.0179606190   0.0099766810   0.0176442492  -0.0139688817  -0.0000321196
        0.0012455118   0.0026737937  -0.0000781005   0.0002751622   0.0008160518
        0.0000680957  -0.0000486239   0.0003724204   0.0000553294  -0.0000287885
        0.0002424276   0.0002412927  -0.0000005090   0.0002265509   0.0000516393
       -0.0000240890   0.0000807334  -0.0009787002  -0.0008957020   0.0002071478
        0.0002701211   0.0001968108   0.0002938771  -0.0000209739  -0.0005356904
        0.0006353187   0.0014050770  -0.0028239187  -0.0016475867   0.0122109112
       -0.0247584633   0.2684794392   0.0000302499  -0.0000808617  -0.0002417527
        0.0003499134   0.0000301998  -0.0008304211  -0.0000171337   0.0000875322
       -0.0002394212  -0.0000100514   0.0000589474  -0.0001407889   0.0000864378
       -0.0000996457  -0.0002925027
        0.0000324370  -0.0002779275  -0.0001009231  -0.0007183490  -0.0007065326
        0.0000914560   0.0000863012  -0.0000824735   0.0000586417   0.0003306960
       -0.0004485476  -0.0003133275  -0.0010231845  -0.0019745893   0.0008116208
        0.0133411568  -0.0151623215  -0.0043801127   0.0026618984   0.0013248983
        0.0002052394  -0.1936149239   0.2072854485   0.0527668949  -0.0001554714
        0.0001360614  -0.0000699140  -0.0001488142  -0.0000483386  -0.0000037200
        0.0000180767   0.0002452833  -0.0000560499   0.0002249612   0.0001815891
        0.0000795080  -0.0000402907  -0.0000248811  -0.0000196117   0.0000570008
        0.0000472354  -0.0000251543   0.0000723834   0.0000833944  -0.0000727469
       -0.0000032849   0.0000120318  -0.0000479843   0.0000199636   0.0000697997
       -0.0000027653  -0.0000783686  -0.0000020908  -0.0003190487   0.0003146176
       -0.0001443190   0.0000302499   0.1783872122  -0.1905367947  -0.0488721528
        0.0006823885   0.0000348053   0.0001807213   0.0000131241  -0.0000326330
       -0.0000080261   0.0000242670   0.0000021853   0.0000189958  -0.0004837973
        0.0000187166   0.0000482095
       -0.0001035706   0.0001835059  -0.0000698569  -0.0000934536  -0.0007175198
       -0.0000475735  -0.0000146501  -0.0000071818  -0.0000496465   0.0008918743
       -0.0011989953  -0.0007060306  -0.0023342375  -0.0060410520   0.0020987348
        0.0134873427  -0.0325339870  -0.0031628407   0.0005026024   0.0020521484
        0.0000125593   0.1792071767  -0.2672457232  -0.0379153764  -0.0012421440
        0.0007594802  -0.0001972287  -0.0003257654  -0.0004963284   0.0000752448
        0.0000726034   0.0003342209  -0.0000008536   0.0002964649  -0.0001210242
        0.0000413350   0.0000020662  -0.0000347734  -0.0000098997   0.0001102456
       -0.0000045631  -0.0000071645   0.0001235883   0.0001709745  -0.0001805276
        0.0000028257   0.0000064674   0.0000473766   0.0000026084   0.0000453394
       -0.0000293860  -0.0001074275   0.0002565172   0.0004467150   0.0004928608
       -0.0002095493  -0.0000808617  -0.1905367947   0.3042715205   0.0397895053
       -0.0000577288   0.0002230709  -0.0000549397  -0.0000407504   0.0000359805
        0.0000012784   0.0000275282   0.0000085830   0.0000066186  -0.0003632652
        0.0002628886  -0.0000071818
        0.0000380497   0.0000767639   0.0002437527  -0.0003566898  -0.0001898258
        0.0005219566   0.0001140138  -0.0000372084   0.0001231587   0.0000688213
        0.0000826787   0.0002233799   0.0005342330  -0.0012704778   0.0007027985
       -0.0099572998   0.0081831573   0.0021119154   0.0019674668  -0.0004607692
       -0.0009542182   0.0565281073  -0.0474087151  -0.0192309698  -0.0000796561
       -0.0001878857  -0.0006803931  -0.0000194367  -0.0002240608  -0.0001924458
       -0.0000717421   0.0000964511  -0.0001345364  -0.0000539586  -0.0000308610
       -0.0004220425  -0.0000870297  -0.0000211847  -0.0001551654   0.0000370546
        0.0000168038  -0.0000360608  -0.0000243764   0.0001142438  -0.0002039714
       -0.0000560532  -0.0000798186  -0.0001437324  -0.0000399653   0.0000485136
       -0.0000815547   0.0001045918  -0.0002343078  -0.0003052257   0.0005525079
        0.0015196950  -0.0002417527  -0.0488721528   0.0397895053   0.0177553180
       -0.0003609367   0.0001681536   0.0004697995  -0.0000032084   0.0000402785
        0.0000938319   0.0000302359   0.0000082797   0.0000641435   0.0000074235
        0.0000005905   0.0004720143
       -0.0000800454   0.0001209720  -0.0000380819  -0.0004113686  -0.0006363883
        0.0002487382  -0.0006767857  -0.0014294292   0.0003268834  -0.0065573258
       -0.0004413571  -0.0026265642  -0.0236643741  -0.0296968415   0.0019964099
       -0.0017611779  -0.0014584568   0.0006940066   0.0015689263  -0.0001251969
        0.0000035028   0.0004238487   0.0005032606   0.0000239997  -0.1072201465
       -0.1383007397   0.0047134788   0.0000083603   0.0011308233   0.0004616534
       -0.0006060773   0.0001041372  -0.0000618451   0.0001732440  -0.0000477466
        0.0000092632   0.0000146549  -0.0000251908   0.0000180848   0.0000798717
       -0.0000018656  -0.0000055331  -0.0000033001   0.0000558538  -0.0000916081
        0.0000148892   0.0000104387   0.0000096502   0.0001584393   0.0002738807
       -0.0002135760   0.0000533731  -0.0003705138  -0.0003831730  -0.0002504981
       -0.0000634634   0.0003499134   0.0006823885  -0.0000577288  -0.0003609367
        0.1379217248   0.1704620060  -0.0050780322   0.0002684020  -0.0001020693
       -0.0000018947   0.0000146613   0.0000291532   0.0000127808  -0.0001516847
        0.0000664622  -0.0000071204
       -0.0000562035   0.0000578417   0.0000101326   0.0000505213   0.0002421287
        0.0000865694  -0.0000925201  -0.0000311186  -0.0000731765  -0.0006812467
       -0.0003777552  -0.0002160798  -0.0021938416   0.0064116209  -0.0028631305
        0.0016697164   0.0029411730  -0.0000030202  -0.0002421616  -0.0005997246
       -0.0000585585  -0.0019248036   0.0001693910  -0.0002204175  -0.1668538378
       -0.3617513052   0.0430927490   0.0000078049   0.0004271754   0.0000577959
       -0.0000568010  -0.0000228742  -0.0000522373  -0.0000331504  -0.0000422768
       -0.0000295724  -0.0000033963   0.0000194423  -0.0000090089  -0.0000273991
       -0.0000004372  -0.0000007117  -0.0000084941  -0.0000311125  -0.0000233260
       -0.0000766745  -0.0000094148  -0.0000086345   0.0001890038   0.0001684011
       -0.0005240564   0.0000385337   0.0003745175   0.0002424316  -0.0000112534
       -0.0002528567   0.0000301998   0.0000348053   0.0002230709   0.0001681536
        0.1704620060   0.3515864395  -0.0400410318  -0.0002667544   0.0004577318
        0.0004296630   0.0000132879   0.0000303879  -0.0000006927   0.0000628589
        0.0000095541   0.0000059597
       -0.0000072087   0.0000049419   0.0000803317   0.0001251095   0.0001967378
        0.0001622289  -0.0001030191  -0.0001956421   0.0003403609  -0.0010327348
        0.0006075816   0.0006962379  -0.0058912362  -0.0114705604  -0.0000655946
        0.0005157780   0.0011474458   0.0027763922  -0.0005259026  -0.0001483969
       -0.0007704260  -0.0002009256   0.0000692296  -0.0020285419   0.0123532580
        0.0508020174  -0.0151095704   0.0001688162   0.0002103840  -0.0006021424
        0.0000090204   0.0000209856  -0.0001685300  -0.0000122158  -0.0000556749
       -0.0001140686  -0.0000309733   0.0000090171  -0.0000450358  -0.0000019019
        0.0000021421  -0.0000050379   0.0000454284  -0.0000246045  -0.0000827230
       -0.0000213093  -0.0000299816  -0.0000990525   0.0001426435   0.0002144788
       -0.0002366175  -0.0012119126  -0.0009085781   0.0003170535   0.0003678130
        0.0000368614  -0.0008304211   0.0001807213  -0.0000549397   0.0004697995
       -0.0050780322  -0.0400410318   0.0147766796   0.0002176443  -0.0003615851
        0.0003834447  -0.0000490704  -0.0000220575   0.0000836632   0.0000402100
       -0.0000087706   0.0000715697
       -0.0001873667   0.0002488930   0.0000846079  -0.0008227756   0.0001944433
       -0.0000444334  -0.0023053607   0.0024851317   0.0019425379  -0.0140243136
        0.0074828304   0.0030060052   0.0018386624  -0.0007044542  -0.0004161129
       -0.0003327137   0.0004467467   0.0000382546   0.0000452750  -0.0002169661
        0.0000401705  -0.0000788037  -0.0003552525  -0.0000040382  -0.0002681034
        0.0017055701   0.0003650813  -0.4300797459  -0.0010530802  -0.0456717460
        0.0008603562   0.0005617531  -0.0001535737  -0.0000523993   0.0000230615
        0.0000035073   0.0000101182   0.0000029944   0.0000414639   0.0000342752
        0.0000206973   0.0000096199  -0.0000305785   0.0000478093  -0.0000287864
        0.0003262599  -0.0002079884   0.0005468808   0.0000567923   0.0000199704
       -0.0000607171  -0.0001965464   0.0000858967  -0.0001752561   0.0000119103
       -0.0000319406  -0.0000171337   0.0000131241  -0.0000407504  -0.0000032084
        0.0002684020  -0.0002667544   0.0002176443   0.4446298912  -0.0108139952
        0.0405795810   0.0002890570   0.0003325160  -0.0002985241  -0.0000054162
        0.0000328681  -0.0000018246
        0.0000740592  -0.0002731971  -0.0001552875   0.0018663864   0.0002359664
        0.0000953972   0.0028593466  -0.0038532955  -0.0031676820   0.0313870838
       -0.0044217100   0.0023535067   0.0030981276   0.0002877292   0.0003480968
        0.0008370816  -0.0003870503  -0.0001029975  -0.0009830187   0.0000595142
        0.0000884445  -0.0001809562   0.0003058306   0.0000333980  -0.0007785786
        0.0011584713   0.0009907743  -0.0268117405  -0.0296418077  -0.0198908039
       -0.0006603481  -0.0004374057   0.0003919989   0.0000264320  -0.0000605450
        0.0000262170  -0.0000143307   0.0000139238  -0.0000122692  -0.0000807401
       -0.0000050611   0.0000005750  -0.0000095043   0.0000251431   0.0001138736
       -0.0000838405  -0.0000641957   0.0001094722   0.0001853652   0.0004685601
       -0.0003425621   0.0001173253  -0.0005404890   0.0003751013  -0.0000611127
        0.0001490496   0.0000875322  -0.0000326330   0.0000359805   0.0000402785
       -0.0001020693   0.0004577318  -0.0003615851  -0.0108139952   0.0360492474
        0.0191828308   0.0000752925   0.0004509216  -0.0001963137   0.0000863676
       -0.0000133126  -0.0000079963
        0.0000483227  -0.0000933428   0.0000158844   0.0004586592  -0.0001848346
        0.0003785530   0.0003589249  -0.0018782961  -0.0002452469   0.0201328137
       -0.0006262945   0.0011014871  -0.0002369544  -0.0010668303   0.0018442620
       -0.0000659863  -0.0000257170   0.0003055483  -0.0000158968   0.0002571540
       -0.0002340317   0.0000268956   0.0001312732  -0.0003058317  -0.0002147913
        0.0004782132  -0.0017115213  -0.0618105689  -0.0167520037  -0.0233315603
       -0.0003532917   0.0000318056  -0.0005136412  -0.0000010577   0.0000152544
       -0.0000630504  -0.0000420208   0.0000355622  -0.0000521931   0.0000111132
       -0.0000075078   0.0000052237   0.0000005397   0.0000030811  -0.0000686993
       -0.0002847899   0.0000706728  -0.0002180734   0.0012975578  -0.0007126830
       -0.0001190789  -0.0001747759   0.0004097533  -0.0005152535   0.0000787304
       -0.0000765670  -0.0002394212  -0.0000080261   0.0000012784   0.0000938319
       -0.0000018947   0.0004296630   0.0003834447   0.0405795810   0.0191828308
        0.0229978175   0.0002007432   0.0003793433   0.0004480600   0.0000161735
       -0.0000018085   0.0000434904
       -0.0000730367   0.0000196356  -0.0001758978  -0.0008876317  -0.0014770114
        0.0011593921   0.0101104624  -0.0181589351  -0.0075627624   0.0015116690
       -0.0035314412  -0.0008652569   0.0000451584   0.0001503773   0.0001388041
        0.0005845100  -0.0004214404   0.0001071547  -0.0006235099  -0.0014765753
       -0.0003509801  -0.0000559567   0.0003173623  -0.0000761825   0.0000272522
        0.0002059808   0.0000674402   0.0013405214   0.0017809988  -0.0005373112
       -0.1373163761   0.1761102447   0.0782709080  -0.0001149142   0.0001027793
       -0.0000520551  -0.0000335787   0.0001843796  -0.0000252990   0.0002435583
        0.0001563004   0.0000873714  -0.0000919070  -0.0000921330  -0.0003615401
        0.0004297649  -0.0000974445   0.0003703476  -0.0003696094  -0.0001494117
       -0.0002764868   0.0000780944   0.0000365922  -0.0000247140  -0.0000250233
        0.0000384393  -0.0000100514   0.0000242670   0.0000275282   0.0000302359
        0.0000146613   0.0000132879  -0.0000490704   0.0002890570   0.0000752925
        0.0002007432   0.1248089153  -0.1538351688  -0.0701083949   0.0000836520
        0.0000203624   0.0000436052
        0.0004160362  -0.0000611299   0.0000361810  -0.0025599212  -0.0040554498
        0.0018294724   0.0074450674  -0.0316880967  -0.0059645541   0.0003301935
        0.0004071575  -0.0007492639  -0.0001898538  -0.0002799490   0.0000069420
        0.0000738245  -0.0003904919  -0.0002076204   0.0000639779  -0.0018621616
       -0.0002455555   0.0000316794   0.0002869760   0.0000122218   0.0004141298
        0.0001664555   0.0001076782  -0.0009119093  -0.0003471223   0.0002463032
        0.1487421109  -0.2900741868  -0.0879852193  -0.0002329437   0.0002648756
        0.0001204611  -0.0000412371  -0.0001195766  -0.0000496347  -0.0001878057
       -0.0001634075  -0.0000468610  -0.0000055284   0.0002507845   0.0004774228
        0.0001895426  -0.0002771353   0.0000502197  -0.0001149687  -0.0002149564
       -0.0002686279   0.0000156500   0.0000103756   0.0000074980  -0.0000208513
        0.0000340495   0.0000589474   0.0000021853   0.0000085830   0.0000082797
        0.0000291532   0.0000303879  -0.0000220575   0.0003325160   0.0004509216
        0.0003793433  -0.1538351688   0.3276652698   0.0922145978   0.0000141216
       -0.0000421726  -0.0000161740
        0.0000741684   0.0002475690   0.0002514747   0.0006470175  -0.0004238869
        0.0002274979  -0.0071947443   0.0102198065   0.0033494202   0.0011888010
       -0.0001444487   0.0018729311  -0.0000578970  -0.0001822697   0.0001005625
        0.0002242421  -0.0001522989   0.0002326905  -0.0001486896   0.0002808505
       -0.0000745644  -0.0000689632   0.0000621631  -0.0001354188  -0.0000114358
        0.0000796843  -0.0002735881  -0.0004724413   0.0000108499  -0.0019081100
        0.0768744978  -0.1028705047  -0.0503866262   0.0000458110  -0.0002966672
       -0.0003122722  -0.0000670600   0.0001181118  -0.0002296759  -0.0003082141
        0.0000237101   0.0001912283  -0.0000078777  -0.0001845739  -0.0000852982
       -0.0000599925   0.0014426443   0.0003722435  -0.0003269291  -0.0003156492
       -0.0007701911   0.0000747335   0.0001422737  -0.0001589250  -0.0000387595
       -0.0000394985  -0.0001407889   0.0000189958   0.0000066186   0.0000641435
        0.0000127808  -0.0000006927   0.0000836632  -0.0002985241  -0.0001963137
        0.0004480600  -0.0701083949   0.0922145978   0.0472154652   0.0000088752
       -0.0000420753   0.0000660783
        0.0107701442   0.0104827717  -0.0047025008   0.0021141712   0.0022516742
       -0.0001324950   0.0001248157   0.0000231356   0.0000913627  -0.0001029331
        0.0003486581   0.0000153791  -0.0002413677   0.0000896149   0.0000888740
       -0.0011390555  -0.0001340703  -0.0003908097   0.0015842027  -0.0012744476
        0.0000153876   0.0006444299   0.0002779276  -0.0000444127   0.0004710172
       -0.0002511019  -0.0000169957   0.0001101540  -0.0003613141  -0.0001343316
       -0.0002278611  -0.0002434525  -0.0000455145  -0.2070865931  -0.2109570307
        0.0543535688   0.0004549167  -0.0000893700   0.0002935325   0.0005868903
        0.0021684042   0.0007842485  -0.0003065976   0.0001568824  -0.0001777710
        0.0000505761  -0.0000536126  -0.0000175462  -0.0000169145   0.0000056462
       -0.0000394971   0.0000269277  -0.0000324063   0.0000046198   0.0001421870
       -0.0000386973   0.0000864378  -0.0004837973  -0.0003632652   0.0000074235
       -0.0001516847   0.0000628589   0.0000402100  -0.0000054162   0.0000863676
        0.0000161735   0.0000836520   0.0000141216   0.0000088752   0.1925981361
        0.1978307055  -0.0501042185
       -0.0147236191  -0.0324885510   0.0003139118  -0.0012133861  -0.0001654062
        0.0003040880  -0.0005302781  -0.0003988098  -0.0000834596   0.0001889418
       -0.0001122712   0.0000220013   0.0001430132   0.0000479751  -0.0000103257
        0.0010007639   0.0006374764  -0.0003130554  -0.0000079698   0.0004991366
        0.0003639725  -0.0004057540  -0.0005188716   0.0001383294  -0.0003663045
        0.0001049219  -0.0000117313  -0.0002266227   0.0002554373   0.0001069594
        0.0001563763   0.0004081430   0.0000083746  -0.1837370475  -0.2500877478
        0.0319726449  -0.0000742633   0.0005938370   0.0001393825   0.0020871513
       -0.0050311785  -0.0038214417   0.0000080430  -0.0003768522   0.0002021175
       -0.0000541022   0.0000439572   0.0000561156  -0.0000051738  -0.0000247441
        0.0000190005   0.0000038234   0.0000217557  -0.0000086333  -0.0002127066
        0.0000235180  -0.0000996457   0.0000187166   0.0002628886   0.0000005905
        0.0000664622   0.0000095541  -0.0000087706   0.0000328681  -0.0000133126
       -0.0000018085   0.0000203624  -0.0000421726  -0.0000420753   0.1978307055
        0.2863513167  -0.0292465413
       -0.0131528626  -0.0152155979   0.0013479985   0.0012038742   0.0001746458
        0.0014482234  -0.0000637440   0.0000346754   0.0001449650  -0.0000187048
        0.0000240563   0.0000995985  -0.0000034266   0.0000002008   0.0000750430
       -0.0000286255   0.0000739611   0.0008324139  -0.0000188031   0.0000493042
       -0.0015317451  -0.0000278699   0.0001333520  -0.0005125405  -0.0000618497
        0.0000102701  -0.0001418835   0.0000135279  -0.0000354429  -0.0001331877
       -0.0000349273   0.0000835805  -0.0002348105   0.0624603376   0.0477454657
       -0.0283503905  -0.0009565063  -0.0018302803   0.0007719185   0.0011686746
       -0.0023013038  -0.0001927457  -0.0003506586   0.0003663850  -0.0005466451
        0.0000077276  -0.0001122828  -0.0001785417  -0.0000503194   0.0000508018
       -0.0000832267   0.0000721750  -0.0000431529  -0.0001190373  -0.0001366706
        0.0000632958  -0.0002925027   0.0000482095  -0.0000071818   0.0004720143
       -0.0000071204   0.0000059597   0.0000715697  -0.0000018246  -0.0000079963
        0.0000434904   0.0000436052  -0.0000161740   0.0000660783  -0.0501042185
       -0.0292465413   0.0269439435
