           1           2  0.977686532111781     
           2           3  0.970084857874151     
           3           4  0.969099540670670     
           4           5  0.972240988912672     
           5           6  0.953911752106383     
           2           7  0.956578783547147     
           6           7  0.967599791512068     
           6           8   1.00945705392345     
           5           9  0.999897264745546     
           4          10  0.998697734553782     
           3          11   1.00657864846052     
           1          12   1.01474198798766     
           1          13  0.966370094417113     
           1          14  0.966680538686687     
           2          15  0.956219819769283     
           3          16  0.955001719797999     
           4          17  0.955403616478243     
           5          18  0.955555828991858     
           6          19  0.942737136067685     
           8          20  0.876818414728374     
           9          21  0.883535924532442     
          10          22  0.881738578802949     
          11          23  0.878059301711557     
          12          24  0.893779438190057     
