           1           2   1.01907028410958     
           2           3   1.00775647285344     
           3           4   1.00664623706558     
           4           5   1.00735273671080     
           5           6  0.996017662754268     
           6           7   1.00975409947610     
           6           8   1.00803426638208     
           1           9  0.988010158602019     
           1          10  0.987568661009124     
           1          11  0.988028548034954     
           2          12  0.978636589074828     
           2          13  0.978697292356534     
           3          14  0.977467295914147     
           3          15  0.977581541004247     
           4          16  0.975631864553336     
           4          17  0.977419368695221     
           5          18  0.976725116341330     
           5          19  0.975786884205945     
           6          20  0.969108549921205     
           7          21  0.986399336959124     
           7          22  0.984881032460970     
           7          23  0.986780665827055     
           8          24  0.986608343414315     
           8          25  0.987109851756498     
           8          26  0.986835704727110     
