$hessian                                                                        
        0.4897529025   0.0239981998   0.0142841247  -0.1259025582   0.0597657049
       -0.0141541358   0.0069572132   0.0207219565   0.0024848917  -0.0115631084
        0.0164558845  -0.0135277144  -0.0015037169   0.0003412684  -0.0018532439
        0.0006431918   0.0005247154  -0.0007135505  -0.0005946551  -0.0004604819
        0.0002858884  -0.0003364680  -0.0000121260   0.0001496211  -0.0925723971
        0.0246400757   0.0922666861  -0.1573108872  -0.0398751493  -0.1144389654
       -0.1045206862  -0.1076387007   0.0365475591  -0.0024401754   0.0003172553
       -0.0024647741   0.0001731981   0.0010479867   0.0009668423   0.0000932227
       -0.0000729392   0.0000000061  -0.0008977728   0.0002153074   0.0001557071
        0.0000226970   0.0000310424   0.0000110575
        0.0239981998   0.4618962953   0.0312379417   0.0530894924  -0.1206251339
        0.0170182825   0.0324380170  -0.0480393132  -0.0195390492   0.0075325284
        0.0009567819   0.0006201224   0.0001348664   0.0015066796   0.0005587729
        0.0000462696  -0.0019478086   0.0008405866  -0.0002813171   0.0015292011
       -0.0003599958   0.0000752288   0.0003784619  -0.0000628208   0.0230986176
       -0.0453951794  -0.0456430636  -0.0392343719  -0.0573251259  -0.0421968148
       -0.1000285623  -0.1934431942   0.0587558421  -0.0003207965   0.0000682259
       -0.0007476284  -0.0000544056   0.0004418615   0.0000796365  -0.0007371852
        0.0002431730  -0.0003674561   0.0002863012  -0.0001190641  -0.0001207202
       -0.0000428828  -0.0001258609  -0.0000736357
        0.0142841247   0.0312379417   0.5239899932  -0.0162782969   0.0198028161
       -0.0729114627   0.0127857949  -0.0333981424   0.0082777419  -0.0207360645
        0.0103480669  -0.0027975760  -0.0025073824  -0.0001574420  -0.0034531601
        0.0000294233   0.0011783056  -0.0011763199   0.0005129864  -0.0006751388
        0.0007049612  -0.0000184363  -0.0001645752   0.0002357872   0.0937896939
       -0.0489174960  -0.2267129686  -0.1144986071  -0.0425010051  -0.1646622450
        0.0348029424   0.0616396120  -0.0616635899   0.0000362635   0.0001651108
       -0.0002581823  -0.0008260937   0.0012217265   0.0001063067   0.0000239565
       -0.0001699088  -0.0000546319  -0.0013503549   0.0004081123   0.0003861915
       -0.0000499498  -0.0000179837  -0.0000108454
       -0.1259025582   0.0530894924  -0.0162782969   0.3461499670  -0.1090669864
        0.0689269131  -0.0738748156   0.0333454343   0.0129916096  -0.1042106943
       -0.0037266598  -0.0444345530  -0.0269586739   0.0039607227  -0.0217278674
       -0.0044365507  -0.0024838977   0.0026169762   0.0010678285   0.0022910924
       -0.0013464288   0.0022208074   0.0001548583  -0.0010546596  -0.0084233589
        0.0129111300   0.0012415799  -0.0176896428   0.0169991519  -0.0076198751
        0.0109672204  -0.0092371440   0.0027224936   0.0064476671   0.0014282707
        0.0064060003  -0.0001844886  -0.0014985624  -0.0024026881   0.0001571196
        0.0004175196  -0.0006694721  -0.0052272423   0.0013815115   0.0006491027
       -0.0001025848   0.0000340663  -0.0000208344
        0.0597657049  -0.1206251339   0.0198028161  -0.1090669864   0.6940273100
        0.2949757386   0.0329033461  -0.4732554404  -0.3176099105   0.0003059732
       -0.0664777175   0.0035606672   0.0043086354   0.0009261028   0.0065092886
       -0.0024487568   0.0052211743  -0.0001325314   0.0025780344  -0.0027140354
        0.0001101748   0.0018936419  -0.0017112146  -0.0012553639   0.0028991607
       -0.0075447462  -0.0043002517  -0.0025116601   0.0051231243   0.0023471643
        0.0119043796  -0.0273215300   0.0041010421   0.0077427418   0.0020629903
        0.0140358571  -0.0157226202  -0.0063988597  -0.0230267023   0.0024950952
       -0.0013320391   0.0011927305   0.0028247229  -0.0004281857  -0.0006388890
        0.0001285873   0.0004482009   0.0003281694
       -0.0141541358   0.0170182825  -0.0729114627   0.0689269131   0.2949757386
        0.5377469015   0.0127570278  -0.3157656577  -0.3163553106  -0.0456118931
       -0.0009764627  -0.1157015410  -0.0063793302   0.0071371862   0.0020214437
        0.0008400396  -0.0045211600   0.0075477947  -0.0019081845   0.0017504238
       -0.0044184881   0.0014935527   0.0003391083  -0.0024084201   0.0184591387
       -0.0206005862   0.0002492598  -0.0172387237   0.0168217923  -0.0048030142
       -0.0060156623   0.0078670441  -0.0002235368  -0.0120219476   0.0013693869
       -0.0239422865  -0.0027285575  -0.0040651605  -0.0075671237   0.0008164800
       -0.0007275108   0.0010302243   0.0021206726  -0.0010371610  -0.0005227544
        0.0006446102   0.0004147363   0.0002583142
        0.0069572132   0.0324380170   0.0127857949  -0.0738748156   0.0329033461
        0.0127570278   0.0627250234  -0.0500354250   0.0013702332   0.0071146445
       -0.0164216231  -0.0214483281  -0.0002784988  -0.0013634576  -0.0010195391
        0.0012952707   0.0016146298  -0.0008453196  -0.0000825516  -0.0012183817
        0.0002463962  -0.0003633655  -0.0002797153  -0.0001049422  -0.0015399385
        0.0026918170   0.0003760203   0.0023344007  -0.0023065604   0.0016442714
       -0.0029283979   0.0045337147   0.0002930566  -0.0011807451  -0.0006303854
       -0.0023065416  -0.0015725187  -0.0008420421  -0.0038709643   0.0003196258
       -0.0008192044   0.0001259023   0.0008199858  -0.0003559855  -0.0000672114
        0.0002546677   0.0000912559   0.0000641435
        0.0207219565  -0.0480393132  -0.0333981424   0.0333454343  -0.4732554404
       -0.3157656577  -0.0500354250   0.5357674716   0.3830115094  -0.0083709118
       -0.0082314415  -0.0320823438   0.0031617069  -0.0005853038   0.0014929366
        0.0010056083  -0.0015342373  -0.0007148272  -0.0008494805   0.0007650057
        0.0002269662  -0.0011983901   0.0007725609   0.0009983089   0.0055533961
       -0.0064942961   0.0011671229  -0.0019290393   0.0017376414  -0.0006030533
        0.0022804136  -0.0009084225  -0.0000203975  -0.0005369175  -0.0012626180
       -0.0017922673  -0.0016735445   0.0006368988  -0.0026079051  -0.0013138470
        0.0008158548  -0.0000667682  -0.0000921962   0.0001059826   0.0003943027
       -0.0000687637  -0.0002903431  -0.0002397843
        0.0024848917  -0.0195390492   0.0082777419   0.0129916096  -0.3176099105
       -0.3163553106   0.0013702332   0.3830115094   0.3518138334  -0.0145228053
       -0.0432052186  -0.0385227536   0.0014872998  -0.0024823918   0.0010257237
        0.0002599256   0.0010292947  -0.0038840184   0.0006478153  -0.0003257992
        0.0023482782  -0.0009892311   0.0002762084   0.0013942762  -0.0006104707
        0.0012079179   0.0013057896   0.0014761095   0.0003882558   0.0000536632
        0.0020529529  -0.0011953670  -0.0006202955  -0.0000382957  -0.0007138068
        0.0010062468  -0.0064022502  -0.0014538552  -0.0075194094  -0.0000485445
        0.0007241825  -0.0004931044   0.0001780631   0.0002029866   0.0004908718
       -0.0003373033  -0.0003149570  -0.0003215330
       -0.0115631084   0.0075325284  -0.0207360645  -0.1042106943   0.0003059732
       -0.0456118931   0.0071146445  -0.0083709118  -0.0145228053   0.4359555237
        0.0082977867  -0.0250983082  -0.1723395328   0.0386519259   0.0260170381
       -0.0182267875   0.0002909000   0.0094309894  -0.0000411727   0.0019645675
       -0.0008705262  -0.0024418234  -0.0017937784   0.0036369479   0.0009467756
       -0.0013247599  -0.0007301934  -0.0015983385   0.0034714552  -0.0017804119
       -0.0014935556   0.0010531829  -0.0007405663  -0.0649209034  -0.0508205464
        0.0679199504  -0.0433345363  -0.0109536337  -0.0029675578  -0.0017749004
        0.0039396359   0.0024400364  -0.0211434251   0.0075566260   0.0032164948
       -0.0009281653   0.0001990486   0.0003968697
        0.0164558845   0.0009567819   0.0103480669  -0.0037266598  -0.0664777175
       -0.0009764627  -0.0164216231  -0.0082314415  -0.0432052186   0.0082977867
        0.5420042654   0.0133907825   0.0399618232  -0.0827483661  -0.0150835533
       -0.0121613791   0.0051602921   0.0029920334  -0.0019252896   0.0010460579
        0.0000634772  -0.0030183765  -0.0013247551   0.0036442453   0.0009038831
       -0.0002258446   0.0008568733   0.0033196727  -0.0027017696   0.0004094268
       -0.0001665711   0.0008339160   0.0000173393  -0.0474071650  -0.1153659545
        0.1008224022  -0.0102464211  -0.2615794439  -0.0651554858   0.0259757190
       -0.0116686795  -0.0088143855   0.0010846192   0.0000694387   0.0000259299
       -0.0009259029   0.0002532204   0.0006645291
       -0.0135277144   0.0006201224  -0.0027975760  -0.0444345530   0.0035606672
       -0.1157015410  -0.0214483281  -0.0320823438  -0.0385227536  -0.0250983082
        0.0133907825   0.4612349889   0.0318555853  -0.0160008462  -0.0669527787
        0.0191901647  -0.0005243506  -0.0102925967   0.0024353798  -0.0039676497
        0.0014651281   0.0033492841   0.0025349889  -0.0024688092  -0.0008495527
        0.0004773295  -0.0000988171  -0.0013352363   0.0004843196   0.0010628823
        0.0003398053  -0.0012161290   0.0001549726   0.0600109127   0.0965564432
       -0.1695009087  -0.0025005769  -0.0656042113  -0.0586217153   0.0104105657
       -0.0050348409  -0.0035121395  -0.0196211499   0.0069182223   0.0050546517
        0.0012237218  -0.0001125041  -0.0005029877
       -0.0015037169   0.0001348664  -0.0025073824  -0.0269586739   0.0043086354
       -0.0063793302  -0.0002784988   0.0031617069   0.0014872998  -0.1723395328
        0.0399618232   0.0318555853   0.4861099505  -0.0136316795   0.0282513861
       -0.0807982515  -0.0371951894   0.0316240515   0.0084339463   0.0170009963
       -0.0063179214  -0.0267702467  -0.0147696131   0.0303248825   0.0002469855
       -0.0002440234  -0.0000357457  -0.0004383408   0.0008285588  -0.0003505949
       -0.0003043686   0.0001491400  -0.0001863645  -0.0153129277   0.0040189122
        0.0060950564  -0.0027801168   0.0043964996   0.0009809022  -0.0407344283
       -0.0150090743  -0.0047004842  -0.1221011768   0.0050938475  -0.1142695217
       -0.0044706026   0.0017945934   0.0041281812
        0.0003412684   0.0015066796  -0.0001574420   0.0039607227   0.0009261028
        0.0071371862  -0.0013634576  -0.0005853038  -0.0024823918   0.0386519259
       -0.0827483661  -0.0160008462  -0.0136316795   0.4884119847   0.0159964804
       -0.0265754126  -0.1013784642   0.0353986348  -0.0001164980  -0.0337989625
        0.0414255223  -0.0054276730   0.0076425608   0.0013719664  -0.0002315222
       -0.0000567869   0.0000481019   0.0000481608  -0.0000122382   0.0001991682
       -0.0004553428   0.0002652196  -0.0001585823  -0.0136179666   0.0050482417
        0.0038539071   0.0272490694  -0.0121580270  -0.0070966553  -0.0158606101
       -0.2393134111  -0.0830324038   0.0027738099  -0.0353680173   0.0031786004
        0.0042552052   0.0016187879   0.0003187538
       -0.0018532439   0.0005587729  -0.0034531601  -0.0217278674   0.0065092886
        0.0020214437  -0.0010195391   0.0014929366   0.0010257237   0.0260170381
       -0.0150835533  -0.0669527787   0.0282513861   0.0159964804   0.4816116459
        0.0243836118   0.0426939117  -0.1214663856   0.0071460601   0.0306822355
       -0.0074792431   0.0225355448   0.0072906837  -0.0122554296   0.0001418843
       -0.0001789674   0.0000536715  -0.0005167225   0.0008365657  -0.0003584564
       -0.0000369466   0.0000916752  -0.0001361219   0.0221697835  -0.0061407592
       -0.0058469766   0.0093701491  -0.0049517365  -0.0023839829  -0.0054875172
       -0.0875205857  -0.0722992232  -0.1118863255   0.0058394759  -0.1947336713
        0.0025127043   0.0018835759   0.0026529447
        0.0006431918   0.0000462696   0.0000294233  -0.0044365507  -0.0024487568
        0.0008400396   0.0012952707   0.0010056083   0.0002599256  -0.0182267875
       -0.0121613791   0.0191901647  -0.0807982515  -0.0265754126   0.0243836118
        0.5200531324  -0.2203236047  -0.0206275980  -0.1756193079   0.2037282770
       -0.0913163363  -0.2255975816   0.0523663482   0.0594869864   0.0000117469
       -0.0000186781  -0.0001396300   0.0001836877   0.0000529908   0.0001629660
       -0.0010629855   0.0011643705  -0.0002506821  -0.0048052773   0.0016400051
        0.0016900850  -0.0002219191   0.0003375198   0.0016438259   0.0011128132
       -0.0041093186   0.0026312604   0.0077393616   0.0088964944  -0.0144470202
       -0.0202705431  -0.0036007340   0.0164629780
        0.0005247154  -0.0019478086   0.0011783056  -0.0024838977   0.0052211743
       -0.0045211600   0.0016146298  -0.0015342373   0.0010292947   0.0002909000
        0.0051602921  -0.0005243506  -0.0371951894  -0.1013784642   0.0426939117
       -0.2203236047   0.7184104525  -0.2721835737   0.2156925117  -0.5119607844
        0.2140242135   0.0681635152  -0.0991474892  -0.0046085486   0.0000965943
        0.0002196975   0.0001820192   0.0002707159  -0.0001652097  -0.0000715944
        0.0014636189  -0.0009725656   0.0001056647   0.0021917685  -0.0006067393
       -0.0000369931   0.0017894617  -0.0004425073  -0.0025238058  -0.0114569483
       -0.0247142236   0.0182268652   0.0023906055  -0.0016055371   0.0029024301
       -0.0230293969   0.0154639499   0.0041273214
       -0.0007135505   0.0008405866  -0.0011763199   0.0026169762  -0.0001325314
        0.0075477947  -0.0008453196  -0.0007148272  -0.0038840184   0.0094309894
        0.0029920334  -0.0102925967   0.0316240515   0.0353986348  -0.1214663856
       -0.0206275980  -0.2721835737   0.4124174326  -0.1000430469   0.2206178339
       -0.1757795908   0.0452586659   0.0049811707  -0.0851757732   0.0001431454
       -0.0001761655  -0.0001799422  -0.0005173887   0.0000890402  -0.0001326624
       -0.0004220876   0.0002722636   0.0003215661   0.0015023215   0.0000383690
       -0.0002721042   0.0000593360   0.0003733508   0.0002095660  -0.0052507428
       -0.0037813037   0.0086069881   0.0057250996   0.0187316161  -0.0214486701
        0.0320591487  -0.0073464976  -0.0092952841
       -0.0005946551  -0.0002813171   0.0005129864   0.0010678285   0.0025780344
       -0.0019081845  -0.0000825516  -0.0008494805   0.0006478153  -0.0000411727
       -0.0019252896   0.0024353798   0.0084339463  -0.0001164980   0.0071460601
       -0.1756193079   0.2156925117  -0.1000430469   0.2193622444  -0.2807431983
        0.1020747746  -0.0550621014   0.0729171167  -0.0092495724  -0.0000499625
       -0.0000201632   0.0001415139   0.0000519333  -0.0001141505  -0.0000202431
        0.0005502565  -0.0010400820   0.0001391797   0.0004187308  -0.0005825050
       -0.0000499851   0.0002222846  -0.0009941932  -0.0007814358  -0.0003937012
       -0.0004939583  -0.0003213970  -0.0004387960  -0.0020682215   0.0023249818
        0.0021750241  -0.0019586055  -0.0030488268
       -0.0004604819   0.0015292011  -0.0006751388   0.0022910924  -0.0027140354
        0.0017504238  -0.0012183817   0.0007650057  -0.0003257992   0.0019645675
        0.0010460579  -0.0039676497   0.0170009963  -0.0337989625   0.0306822355
        0.2037282770  -0.5119607844   0.2206178339  -0.2807431983   0.5830803649
       -0.2606227765   0.0626249191  -0.0310924243   0.0075289052  -0.0001822887
       -0.0002563260  -0.0000025393  -0.0001197463   0.0000215284   0.0000901806
       -0.0008813424   0.0003694983  -0.0002129112   0.0006362919   0.0001878057
       -0.0006000684  -0.0008375672   0.0008014672   0.0011881535  -0.0007099934
       -0.0007806822   0.0023960740  -0.0025632387  -0.0040907166   0.0037112189
       -0.0005299056  -0.0031069976  -0.0015581422
        0.0002858884  -0.0003599958   0.0007049612  -0.0013464288   0.0001101748
       -0.0044184881   0.0002463962   0.0002269662   0.0023482782  -0.0008705262
        0.0000634772   0.0014651281  -0.0063179214   0.0414255223  -0.0074792431
       -0.0913163363   0.2140242135  -0.1757795908   0.1020747746  -0.2606227765
        0.1665156801  -0.0009391165   0.0011490851   0.0250321511  -0.0001663389
        0.0001144926   0.0001852385   0.0003653293   0.0000262641   0.0000602526
        0.0001864264  -0.0003478704  -0.0005189212  -0.0006326088   0.0001331837
        0.0004545415  -0.0001987818  -0.0000423846   0.0000165144   0.0017108441
        0.0035785011  -0.0048607112   0.0010458275   0.0012677500  -0.0011806824
       -0.0041274276  -0.0007466033  -0.0025451088
       -0.0003364680   0.0000752288  -0.0000184363   0.0022208074   0.0018936419
        0.0014935527  -0.0003633655  -0.0011983901  -0.0009892311  -0.0024418234
       -0.0030183765   0.0033492841  -0.0267702467  -0.0054276730   0.0225355448
       -0.2255975816   0.0681635152   0.0452586659  -0.0550621014   0.0626249191
       -0.0009391165   0.3890099285  -0.0433963547  -0.1734036010   0.0000375438
       -0.0000697052   0.0001021782  -0.0000694656  -0.0001060845  -0.0000687369
        0.0007281796  -0.0005187228   0.0000618178  -0.0014262128   0.0001515605
        0.0004927604   0.0005348496  -0.0001952015  -0.0008834149  -0.0011990140
        0.0007020050  -0.0001173830  -0.0013217140   0.0009379709   0.0021284651
       -0.0779433159  -0.0806183331   0.1009976507
       -0.0000121260   0.0003784619  -0.0001645752   0.0001548583  -0.0017112146
        0.0003391083  -0.0002797153   0.0007725609   0.0002762084  -0.0017937784
       -0.0013247551   0.0025349889  -0.0147696131   0.0076425608   0.0072906837
        0.0523663482  -0.0991474892   0.0049811707   0.0729171167  -0.0310924243
        0.0011490851  -0.0433963547   0.3014949747  -0.1840482518  -0.0000056941
       -0.0000172429  -0.0000459796   0.0000076321   0.0000584915   0.0000300984
       -0.0004877582   0.0003114169  -0.0000221145  -0.0007331573   0.0003458615
        0.0001108796  -0.0002020255   0.0000552917   0.0004801014   0.0008971616
        0.0010081065  -0.0002122543  -0.0004106015  -0.0003712078   0.0002034465
       -0.0642522927  -0.1784033925   0.1670974044
        0.0001496211  -0.0000628208   0.0002357872  -0.0010546596  -0.0012553639
       -0.0024084201  -0.0001049422   0.0009983089   0.0013942762   0.0036369479
        0.0036442453  -0.0024688092   0.0303248825   0.0013719664  -0.0122554296
        0.0594869864  -0.0046085486  -0.0851757732  -0.0092495724   0.0075289052
        0.0250321511  -0.1734036010  -0.1840482518   0.2856307617  -0.0000783689
        0.0000703321   0.0000184948   0.0001095449   0.0000091011   0.0000440158
       -0.0000541717   0.0000959196  -0.0000923362   0.0013606940  -0.0003233678
       -0.0003534871  -0.0004187546   0.0002840715   0.0002250683   0.0014607195
        0.0003026612  -0.0005816572   0.0002275469  -0.0007261959   0.0008169150
        0.0876071274   0.1767190376  -0.2100615574
       -0.0925723971   0.0230986176   0.0937896939  -0.0084233589   0.0028991607
        0.0184591387  -0.0015399385   0.0055533961  -0.0006104707   0.0009467756
        0.0009038831  -0.0008495527   0.0002469855  -0.0002315222   0.0001418843
        0.0000117469   0.0000965943   0.0001431454  -0.0000499625  -0.0001822887
       -0.0001663389   0.0000375438  -0.0000056941  -0.0000783689   0.1020171370
       -0.0283398521  -0.1092305893   0.0088248161  -0.0045157435  -0.0181818157
       -0.0084352550   0.0008818498   0.0172833746  -0.0002872612   0.0002527688
       -0.0003731047  -0.0010737384  -0.0003094265  -0.0002825590   0.0001479402
       -0.0000863034  -0.0000027617   0.0000962181  -0.0000360755  -0.0000558404
        0.0000527485   0.0000206358   0.0000141650
        0.0246400757  -0.0453951794  -0.0489174960   0.0129111300  -0.0075447462
       -0.0206005862   0.0026918170  -0.0064942961   0.0012079179  -0.0013247599
       -0.0002258446   0.0004773295  -0.0002440234  -0.0000567869  -0.0001789674
       -0.0000186781   0.0002196975  -0.0001761655  -0.0000201632  -0.0002563260
        0.0001144926  -0.0000697052  -0.0000172429   0.0000703321  -0.0283398521
        0.0562049208   0.0535733588   0.0027747695  -0.0014208430  -0.0081132592
       -0.0130718767   0.0048590057   0.0224076801   0.0003575221  -0.0002931642
        0.0002796751  -0.0001471991   0.0003540799  -0.0001614770  -0.0000101122
       -0.0000049909  -0.0000178346  -0.0001135238   0.0000585303   0.0000459754
       -0.0000154206   0.0000131859  -0.0000109755
        0.0922666861  -0.0456430636  -0.2267129686   0.0012415799  -0.0043002517
        0.0002492598   0.0003760203   0.0011671229   0.0013057896  -0.0007301934
        0.0008568733  -0.0000988171  -0.0000357457   0.0000481019   0.0000536715
       -0.0001396300   0.0001820192  -0.0001799422   0.0001415139  -0.0000025393
        0.0001852385   0.0001021782  -0.0000459796   0.0000184948  -0.1092305893
        0.0535733588   0.2593395769   0.0085821952  -0.0055491411  -0.0228310631
        0.0077046640  -0.0004800054  -0.0117103665  -0.0001953109   0.0000515766
        0.0000391576   0.0000465290   0.0001292265   0.0003208607  -0.0000452339
        0.0000271730  -0.0000134772  -0.0000292329   0.0000109004   0.0000227624
       -0.0000554306  -0.0000253719   0.0000118229
       -0.1573108872  -0.0392343719  -0.1144986071  -0.0176896428  -0.0025116601
       -0.0172387237   0.0023344007  -0.0019290393   0.0014761095  -0.0015983385
        0.0033196727  -0.0013352363  -0.0004383408   0.0000481608  -0.0005167225
        0.0001836877   0.0002707159  -0.0005173887   0.0000519333  -0.0001197463
        0.0003653293  -0.0000694656   0.0000076321   0.0001095449   0.0088248161
        0.0027747695   0.0085821952   0.1795615939   0.0443011919   0.1359024155
       -0.0132540639  -0.0073618618  -0.0122471616  -0.0004767734   0.0001128529
       -0.0004923041   0.0000998673   0.0003550895   0.0004080391  -0.0000155762
       -0.0000368304  -0.0000580727  -0.0001862083   0.0000404263   0.0000931087
       -0.0000170022  -0.0000370017  -0.0000325255
       -0.0398751493  -0.0573251259  -0.0425010051   0.0169991519   0.0051231243
        0.0168217923  -0.0023065604   0.0017376414   0.0003882558   0.0034714552
       -0.0027017696   0.0004843196   0.0008285588  -0.0000122382   0.0008365657
        0.0000529908  -0.0001652097   0.0000890402  -0.0001141505   0.0000215284
        0.0000262641  -0.0001060845   0.0000584915   0.0000091011  -0.0045157435
       -0.0014208430  -0.0055491411   0.0443011919   0.0622188454   0.0465151668
       -0.0191618659  -0.0075536749  -0.0172860891   0.0001626312   0.0000500993
        0.0002325014  -0.0000159678  -0.0000501299  -0.0000630659  -0.0000453350
        0.0000782001   0.0000550067   0.0003238144  -0.0000741193  -0.0000403913
        0.0000010627   0.0000151800  -0.0000183209
       -0.1144389654  -0.0421968148  -0.1646622450  -0.0076198751   0.0023471643
       -0.0048030142   0.0016442714  -0.0006030533   0.0000536632  -0.0017804119
        0.0004094268   0.0010628823  -0.0003505949   0.0001991682  -0.0003584564
        0.0001629660  -0.0000715944  -0.0001326624  -0.0000202431   0.0000901806
        0.0000602526  -0.0000687369   0.0000300984   0.0000440158  -0.0181818157
       -0.0081132592  -0.0228310631   0.1359024155   0.0465151668   0.1853588264
        0.0045776203   0.0012266563   0.0057802079   0.0001145628  -0.0001629772
        0.0002248469   0.0002042199   0.0003081028   0.0001645553  -0.0000618341
        0.0000089855  -0.0000180315  -0.0000842880   0.0000367530   0.0000641205
        0.0000007092  -0.0000240038  -0.0000078981
       -0.1045206862  -0.1000285623   0.0348029424   0.0109672204   0.0119043796
       -0.0060156623  -0.0029283979   0.0022804136   0.0020529529  -0.0014935556
       -0.0001665711   0.0003398053  -0.0003043686  -0.0004553428  -0.0000369466
       -0.0010629855   0.0014636189  -0.0004220876   0.0005502565  -0.0008813424
        0.0001864264   0.0007281796  -0.0004877582  -0.0000541717  -0.0084352550
       -0.0130718767   0.0077046640  -0.0132540639  -0.0191618659   0.0045776203
        0.1197190414   0.1183005343  -0.0431836169   0.0001304541   0.0000471338
        0.0003436199  -0.0000261511   0.0002716574  -0.0004660805   0.0000938296
       -0.0000772925   0.0000642078  -0.0000846460   0.0000153480   0.0000612928
       -0.0000788717   0.0000475264   0.0000450337
       -0.1076387007  -0.1934431942   0.0616396120  -0.0092371440  -0.0273215300
        0.0078670441   0.0045337147  -0.0009084225  -0.0011953670   0.0010531829
        0.0008339160  -0.0012161290   0.0001491400   0.0002652196   0.0000916752
        0.0011643705  -0.0009725656   0.0002722636  -0.0010400820   0.0003694983
       -0.0003478704  -0.0005187228   0.0003114169   0.0000959196   0.0008818498
        0.0048590057  -0.0004800054  -0.0073618618  -0.0075536749   0.0012266563
        0.1183005343   0.2229411698  -0.0677917734  -0.0003991344   0.0002358406
       -0.0005363965   0.0002163174   0.0003697516   0.0004459584  -0.0001372475
        0.0000340617  -0.0000178071  -0.0000215728   0.0000005165  -0.0000762595
        0.0000553564  -0.0000210097   0.0000224790
        0.0365475591   0.0587558421  -0.0616635899   0.0027224936   0.0041010421
       -0.0002235368   0.0002930566  -0.0000203975  -0.0006202955  -0.0007405663
        0.0000173393   0.0001549726  -0.0001863645  -0.0001585823  -0.0001361219
       -0.0002506821   0.0001056647   0.0003215661   0.0001391797  -0.0002129112
       -0.0005189212   0.0000618178  -0.0000221145  -0.0000923362   0.0172833746
        0.0224076801  -0.0117103665  -0.0122471616  -0.0172860891   0.0057802079
       -0.0431836169  -0.0677917734   0.0693660748   0.0000361640  -0.0000837638
        0.0002080633  -0.0006469698   0.0002283977  -0.0008642110   0.0001264273
       -0.0000818635  -0.0000206996  -0.0000079416   0.0000255845  -0.0000139721
        0.0000532302   0.0000159448   0.0000331661
       -0.0024401754  -0.0003207965   0.0000362635   0.0064476671   0.0077427418
       -0.0120219476  -0.0011807451  -0.0005369175  -0.0000382957  -0.0649209034
       -0.0474071650   0.0600109127  -0.0153129277  -0.0136179666   0.0221697835
       -0.0048052773   0.0021917685   0.0015023215   0.0004187308   0.0006362919
       -0.0006326088  -0.0014262128  -0.0007331573   0.0013606940  -0.0002872612
        0.0003575221  -0.0001953109  -0.0004767734   0.0001626312   0.0001145628
        0.0001304541  -0.0003991344   0.0000361640   0.0829652463   0.0556929229
       -0.0750871121   0.0002923236  -0.0029177508   0.0022814587   0.0004959386
       -0.0001798092   0.0000422952   0.0005443216  -0.0006432853   0.0001977161
       -0.0004444059  -0.0000278959   0.0002231033
        0.0003172553   0.0000682259   0.0001651108   0.0014282707   0.0020629903
        0.0013693869  -0.0006303854  -0.0012626180  -0.0007138068  -0.0508205464
       -0.1153659545   0.0965564432   0.0040189122   0.0050482417  -0.0061407592
        0.0016400051  -0.0006067393   0.0000383690  -0.0005825050   0.0001878057
        0.0001331837   0.0001515605   0.0003458615  -0.0003233678   0.0002527688
       -0.0002931642   0.0000515766   0.0001128529   0.0000500993  -0.0001629772
        0.0000471338   0.0002358406  -0.0000837638   0.0556929229   0.1310078933
       -0.1127142310  -0.0118178826  -0.0221793831   0.0224268647   0.0001996091
        0.0004048563  -0.0003385694  -0.0002200095   0.0002703775  -0.0001051662
        0.0002100375   0.0000256671  -0.0001582934
       -0.0024647741  -0.0007476284  -0.0002581823   0.0064060003   0.0140358571
       -0.0239422865  -0.0023065416  -0.0017922673   0.0010062468   0.0679199504
        0.1008224022  -0.1695009087   0.0060950564   0.0038539071  -0.0058469766
        0.0016900850  -0.0000369931  -0.0002721042  -0.0000499851  -0.0006000684
        0.0004545415   0.0004927604   0.0001108796  -0.0003534871  -0.0003731047
        0.0002796751   0.0000391576  -0.0004923041   0.0002325014   0.0002248469
        0.0003436199  -0.0005363965   0.0002080633  -0.0750871121  -0.1127142310
        0.1918659599  -0.0018860744  -0.0028934195   0.0058738928   0.0000592994
        0.0001377888  -0.0001483949  -0.0003469888  -0.0001069039   0.0006585433
        0.0000001129  -0.0000451031  -0.0000089117
        0.0001731981  -0.0000544056  -0.0008260937  -0.0001844886  -0.0157226202
       -0.0027285575  -0.0015725187  -0.0016735445  -0.0064022502  -0.0433345363
       -0.0102464211  -0.0025005769  -0.0027801168   0.0272490694   0.0093701491
       -0.0002219191   0.0017894617   0.0000593360   0.0002222846  -0.0008375672
       -0.0001987818   0.0005348496  -0.0002020255  -0.0004187546  -0.0010737384
       -0.0001471991   0.0000465290   0.0000998673  -0.0000159678   0.0002042199
       -0.0000261511   0.0002163174  -0.0006469698   0.0002923236  -0.0118178826
       -0.0018860744   0.0527252016   0.0090207178   0.0041320145  -0.0052853256
        0.0021915631   0.0016900856   0.0003817999   0.0002701524   0.0000806483
        0.0000492702  -0.0000196481   0.0000250763
        0.0010479867   0.0004418615   0.0012217265  -0.0014985624  -0.0063988597
       -0.0040651605  -0.0008420421   0.0006368988  -0.0014538552  -0.0109536337
       -0.2615794439  -0.0656042113   0.0043964996  -0.0121580270  -0.0049517365
        0.0003375198  -0.0004425073   0.0003733508  -0.0009941932   0.0008014672
       -0.0000423846  -0.0001952015   0.0000552917   0.0002840715  -0.0003094265
        0.0003540799   0.0001292265   0.0003550895  -0.0000501299   0.0003081028
        0.0002716574   0.0003697516   0.0002283977  -0.0029177508  -0.0221793831
       -0.0028934195   0.0090207178   0.3006144113   0.0766643312   0.0025017816
       -0.0003651307  -0.0003751744  -0.0000775657  -0.0000265986   0.0001247384
       -0.0001428765  -0.0000736817   0.0000519966
        0.0009668423   0.0000796365   0.0001063067  -0.0024026881  -0.0230267023
       -0.0075671237  -0.0038709643  -0.0026079051  -0.0075194094  -0.0029675578
       -0.0651554858  -0.0586217153   0.0009809022  -0.0070966553  -0.0023839829
        0.0016438259  -0.0025238058   0.0002095660  -0.0007814358   0.0011881535
        0.0000165144  -0.0008834149   0.0004801014   0.0002250683  -0.0002825590
       -0.0001614770   0.0003208607   0.0004080391  -0.0000630659   0.0001645553
       -0.0004660805   0.0004459584  -0.0008642110   0.0022814587   0.0224268647
        0.0058738928   0.0041320145   0.0766643312   0.0700998366   0.0014477603
       -0.0008759906  -0.0002372776  -0.0002308311   0.0002755529   0.0001720215
        0.0000246884  -0.0000495110   0.0000050976
        0.0000932227  -0.0007371852   0.0000239565   0.0001571196   0.0024950952
        0.0008164800   0.0003196258  -0.0013138470  -0.0000485445  -0.0017749004
        0.0259757190   0.0104105657  -0.0407344283  -0.0158606101  -0.0054875172
        0.0011128132  -0.0114569483  -0.0052507428  -0.0003937012  -0.0007099934
        0.0017108441  -0.0011990140   0.0008971616   0.0014607195   0.0001479402
       -0.0000101122  -0.0000452339  -0.0000155762  -0.0000453350  -0.0000618341
        0.0000938296  -0.0001372475   0.0001264273   0.0004959386   0.0001996091
        0.0000592994  -0.0052853256   0.0025017816   0.0014477603   0.0481066663
        0.0147694626   0.0045054155  -0.0014103805  -0.0167191678  -0.0095864240
        0.0002861704   0.0001516174  -0.0000811717
       -0.0000729392   0.0002431730  -0.0001699088   0.0004175196  -0.0013320391
       -0.0007275108  -0.0008192044   0.0008158548   0.0007241825   0.0039396359
       -0.0116686795  -0.0050348409  -0.0150090743  -0.2393134111  -0.0875205857
       -0.0041093186  -0.0247142236  -0.0037813037  -0.0004939583  -0.0007806822
        0.0035785011   0.0007020050   0.0010081065   0.0003026612  -0.0000863034
       -0.0000049909   0.0000271730  -0.0000368304   0.0000782001   0.0000089855
       -0.0000772925   0.0000340617  -0.0000818635  -0.0001798092   0.0004048563
        0.0001377888   0.0021915631  -0.0003651307  -0.0008759906   0.0147694626
        0.2765296615   0.0967916229  -0.0015713499  -0.0016128164  -0.0033404906
        0.0004358942   0.0006780596  -0.0000384204
        0.0000000061  -0.0003674561  -0.0000546319  -0.0006694721   0.0011927305
        0.0010302243   0.0001259023  -0.0000667682  -0.0004931044   0.0024400364
       -0.0088143855  -0.0035121395  -0.0047004842  -0.0830324038  -0.0722992232
        0.0026312604   0.0182268652   0.0086069881  -0.0003213970   0.0023960740
       -0.0048607112  -0.0001173830  -0.0002122543  -0.0005816572  -0.0000027617
       -0.0000178346  -0.0000134772  -0.0000580727   0.0000550067  -0.0000180315
        0.0000642078  -0.0000178071  -0.0000206996   0.0000422952  -0.0003385694
       -0.0001483949   0.0016900856  -0.0003751744  -0.0002372776   0.0045054155
        0.0967916229   0.0855156025  -0.0053781917  -0.0252843304  -0.0125608101
       -0.0002514470  -0.0001353153  -0.0003526564
       -0.0008977728   0.0002863012  -0.0013503549  -0.0052272423   0.0028247229
        0.0021206726   0.0008199858  -0.0000921962   0.0001780631  -0.0211434251
        0.0010846192  -0.0196211499  -0.1221011768   0.0027738099  -0.1118863255
        0.0077393616   0.0023906055   0.0057250996  -0.0004387960  -0.0025632387
        0.0010458275  -0.0013217140  -0.0004106015   0.0002275469   0.0000962181
       -0.0001135238  -0.0000292329  -0.0001862083   0.0003238144  -0.0000842880
       -0.0000846460  -0.0000215728  -0.0000079416   0.0005443216  -0.0002200095
       -0.0003469888   0.0003817999  -0.0000775657  -0.0002308311  -0.0014103805
       -0.0015713499  -0.0053781917   0.1432048202  -0.0043424394   0.1296879143
        0.0000248547  -0.0002713758  -0.0000498195
        0.0002153074  -0.0001190641   0.0004081123   0.0013815115  -0.0004281857
       -0.0010371610  -0.0003559855   0.0001059826   0.0002029866   0.0075566260
        0.0000694387   0.0069182223   0.0050938475  -0.0353680173   0.0058394759
        0.0088964944  -0.0016055371   0.0187316161  -0.0020682215  -0.0040907166
        0.0012677500   0.0009379709  -0.0003712078  -0.0007261959  -0.0000360755
        0.0000585303   0.0000109004   0.0000404263  -0.0000741193   0.0000367530
        0.0000153480   0.0000005165   0.0000255845  -0.0006432853   0.0002703775
       -0.0001069039   0.0002701524  -0.0000265986   0.0002755529  -0.0167191678
       -0.0016128164  -0.0252843304  -0.0043424394   0.0434736632  -0.0061651788
       -0.0002425094  -0.0002822459  -0.0003971841
        0.0001557071  -0.0001207202   0.0003861915   0.0006491027  -0.0006388890
       -0.0005227544  -0.0000672114   0.0003943027   0.0004908718   0.0032164948
        0.0000259299   0.0050546517  -0.1142695217   0.0031786004  -0.1947336713
       -0.0144470202   0.0029024301  -0.0214486701   0.0023249818   0.0037112189
       -0.0011806824   0.0021284651   0.0002034465   0.0008169150  -0.0000558404
        0.0000459754   0.0000227624   0.0000931087  -0.0000403913   0.0000641205
        0.0000612928  -0.0000762595  -0.0000139721   0.0001977161  -0.0001051662
        0.0006585433   0.0000806483   0.0001247384   0.0001720215  -0.0095864240
       -0.0033404906  -0.0125608101   0.1296879143  -0.0061651788   0.2219553028
       -0.0001694140  -0.0000995466   0.0008391800
        0.0000226970  -0.0000428828  -0.0000499498  -0.0001025848   0.0001285873
        0.0006446102   0.0002546677  -0.0000687637  -0.0003373033  -0.0009281653
       -0.0009259029   0.0012237218  -0.0044706026   0.0042552052   0.0025127043
       -0.0202705431  -0.0230293969   0.0320591487   0.0021750241  -0.0005299056
       -0.0041274276  -0.0779433159  -0.0642522927   0.0876071274   0.0000527485
       -0.0000154206  -0.0000554306  -0.0000170022   0.0000010627   0.0000007092
       -0.0000788717   0.0000553564   0.0000532302  -0.0004444059   0.0002100375
        0.0000001129   0.0000492702  -0.0001428765   0.0000246884   0.0002861704
        0.0004358942  -0.0002514470   0.0000248547  -0.0002425094  -0.0001694140
        0.1013900590   0.0841638078  -0.1191350810
        0.0000310424  -0.0001258609  -0.0000179837   0.0000340663   0.0004482009
        0.0004147363   0.0000912559  -0.0002903431  -0.0003149570   0.0001990486
        0.0002532204  -0.0001125041   0.0017945934   0.0016187879   0.0018835759
       -0.0036007340   0.0154639499  -0.0073464976  -0.0019586055  -0.0031069976
       -0.0007466033  -0.0806183331  -0.1784033925   0.1767190376   0.0000206358
        0.0000131859  -0.0000253719  -0.0000370017   0.0000151800  -0.0000240038
        0.0000475264  -0.0000210097   0.0000159448  -0.0000278959   0.0000256671
       -0.0000451031  -0.0000196481  -0.0000736817  -0.0000495110   0.0001516174
        0.0006780596  -0.0001353153  -0.0002713758  -0.0002822459  -0.0000995466
        0.0841638078   0.1637872798  -0.1701158972
        0.0000110575  -0.0000736357  -0.0000108454  -0.0000208344   0.0003281694
        0.0002583142   0.0000641435  -0.0002397843  -0.0003215330   0.0003968697
        0.0006645291  -0.0005029877   0.0041281812   0.0003187538   0.0026529447
        0.0164629780   0.0041273214  -0.0092952841  -0.0030488268  -0.0015581422
       -0.0025451088   0.1009976507   0.1670974044  -0.2100615574   0.0000141650
       -0.0000109755   0.0000118229  -0.0000325255  -0.0000183209  -0.0000078981
        0.0000450337   0.0000224790   0.0000331661   0.0002231033  -0.0001582934
       -0.0000089117   0.0000250763   0.0000519966   0.0000050976  -0.0000811717
       -0.0000384204  -0.0003526564  -0.0000498195  -0.0003971841   0.0008391800
       -0.1191350810  -0.1701158972   0.2193062572
