           1           2   1.01261324148556     
           2           3   1.86874390148854     
           2           4  0.976673775451767     
           4           5   1.00344082719562     
           5           6  0.980199341173675     
           6           7   1.76272384616117     
           6           8   1.13450578390855     
           7           8  0.170878334757387     
           1           9  0.967496146676434     
           1          10  0.981742384812299     
           1          11  0.948108264790640     
           4          12  0.949438211101877     
           4          13  0.972126687913964     
           5          14  0.946519098539671     
           5          15  0.952805200131309     
           8          16  0.865128187568386     
