           1           2   1.02776615351361     
           2           3   1.59273710794150     
           3           4   1.27273553148271     
           2           5  0.132554970710747     
           4           5   1.59273710891176     
           2           6   1.10604769466636     
           5           6   1.10604769181256     
           5           7   1.02776615367716     
           1           8  0.971109086509900     
           1           9  0.971108774311480     
           1          10  0.984623916884648     
           3          11  0.975401146827731     
           4          12  0.975401146873194     
           7          13  0.984623916710117     
           7          14  0.971109072559521     
           7          15  0.971108788428996     
