$hessian                                                                        
        0.4734852870  -0.0093547302  -0.0296547146  -0.1620781469  -0.0194320646
       -0.0531395356  -0.0180114355  -0.0065223175  -0.0046987946  -0.0019138983
       -0.0018945667   0.0004218098  -0.0005652177   0.0026799240  -0.0017192051
       -0.0014786034   0.0000961520   0.0009927107  -0.0283073809   0.0084830124
       -0.0071429383  -0.0959797586  -0.0905515436   0.0486313264  -0.0483927093
        0.0054323212   0.0328098445  -0.1144255532   0.1113808653   0.0175153056
       -0.0015014172  -0.0010465082  -0.0028614574   0.0006391734   0.0010459658
       -0.0011652248  -0.0007075078  -0.0006034746  -0.0000098093  -0.0002943393
        0.0000855059   0.0000445657  -0.0004684923   0.0002014588  -0.0000238831
       -0.0093547302   0.5320623228  -0.0026036313  -0.0219131416  -0.0636388941
       -0.0103859896  -0.0203291475  -0.0041923597  -0.0068530395  -0.0022156381
       -0.0022315283   0.0011123751  -0.0011260378  -0.0036254563   0.0023135573
        0.0025006183  -0.0006744209  -0.0013052567   0.0319168150  -0.0020779348
        0.0091778062  -0.0899038771  -0.1943979947   0.0792418907   0.0059253086
       -0.0519602064  -0.0414001596   0.1103115793  -0.2109358048  -0.0259869870
       -0.0039565894   0.0009361338  -0.0024942799  -0.0000278415   0.0009617094
       -0.0009616091  -0.0008563859  -0.0008590208   0.0002130070  -0.0002632422
        0.0002183712  -0.0000226250  -0.0007076901   0.0004150838  -0.0000450588
       -0.0296547146  -0.0026036313   0.5145261822  -0.0548280343  -0.0107407166
       -0.0969674802   0.0072811390   0.0015541016   0.0039996020   0.0018606279
        0.0007835156  -0.0004254906   0.0016396751   0.0000343890  -0.0001684555
        0.0000195131  -0.0000918526  -0.0001690295  -0.0002677424   0.0034174330
        0.0054523905   0.0480885684   0.0787754162  -0.0864753090   0.0335516028
       -0.0413932806  -0.2747753928   0.0172045533  -0.0257076962  -0.0474550292
       -0.0272860925  -0.0051742015  -0.0188006769   0.0014045096   0.0008315296
        0.0012746064   0.0003838025   0.0004567988  -0.0000943545   0.0003017367
       -0.0000464534   0.0000201368   0.0003008554  -0.0000953515   0.0000583003
       -0.1620781469  -0.0219131416  -0.0548280343   0.4872879494   0.0258319461
       -0.0083379750  -0.0903472379  -0.0419021326   0.0234829356  -0.0292329051
       -0.0085860516   0.0124793845  -0.0356557033   0.0198001706   0.0080933877
       -0.0078190105   0.0003001826   0.0027664529  -0.0811292219   0.0268339580
        0.0103081133  -0.0184286907  -0.0054528269  -0.0065069292   0.0004433925
       -0.0002011812  -0.0036735342  -0.0172937565   0.0009516696  -0.0069471227
       -0.0431051588  -0.0002338613   0.0232157952   0.0022056380   0.0018621018
        0.0006851541   0.0014771720   0.0012389645   0.0000185087  -0.0010435013
        0.0001887966  -0.0001139886  -0.0052808190   0.0012814055  -0.0006421481
       -0.0194320646  -0.0636388941  -0.0107407166   0.0258319461   0.3924621054
        0.0079502322  -0.0412776758  -0.1116529416   0.0344247904  -0.0121817927
        0.0033722277  -0.0016980209   0.0318247173   0.0077598571  -0.0073972595
       -0.0066386838   0.0014843666   0.0019725734   0.0463367214  -0.1590506260
       -0.0144592101  -0.0232947849  -0.0046585168  -0.0101331297  -0.0056919409
       -0.0009470199  -0.0038432567   0.0223240816   0.0003016423   0.0101337983
       -0.0002520704  -0.0389784824  -0.0198212823  -0.0037183478  -0.0037015656
        0.0053764889  -0.0139194992  -0.0198271008   0.0082046685  -0.0004675699
       -0.0003078990   0.0001365384   0.0005569636  -0.0026171530  -0.0001062142
       -0.0531395356  -0.0103859896  -0.0969674802  -0.0083379750   0.0079502322
        0.5187306812   0.0240827347   0.0300876187  -0.0877192368   0.0031763591
       -0.0025461419   0.0005182270   0.0045430032  -0.0036238121  -0.0027460797
        0.0037633000  -0.0007177494   0.0043895470   0.0102835358  -0.0100397621
       -0.0609868538   0.0092263816   0.0013550633   0.0051327679  -0.0284628724
       -0.0042760797  -0.0199310608   0.0023930405   0.0004357741   0.0013404097
        0.0234472268  -0.0212774110  -0.2497016124   0.0158931784   0.0227625414
       -0.0165523736  -0.0071707275  -0.0100873955   0.0042332787  -0.0003588830
       -0.0004092863  -0.0001260265   0.0006612333   0.0007723979   0.0003858124
       -0.0180114355  -0.0203291475   0.0072811390  -0.0903472379  -0.0412776758
        0.0240827347   0.4200862051  -0.0450426046   0.0257934786  -0.1780998223
        0.0418175592  -0.0086812299  -0.0039750608   0.0203591264   0.0001658605
        0.0016349880  -0.0009391317  -0.0007190198   0.0007830431   0.0005519630
       -0.0035895690  -0.0045206134  -0.0011365538  -0.0022205710   0.0008372870
        0.0000844819   0.0010369369   0.0007928892  -0.0004107894   0.0002548016
       -0.0011121083  -0.0042546413   0.0026663561  -0.0537765059   0.0081058651
       -0.0562331214  -0.0415118528   0.0267715768   0.0146183057  -0.0152717676
        0.0071385259  -0.0040533947  -0.0175080080   0.0085614459  -0.0004027074
       -0.0065223175  -0.0041923597   0.0015541016  -0.0419021326  -0.1116529416
        0.0300876187  -0.0450426046   0.5313045425   0.0280150463   0.0462671187
       -0.0767791792   0.0055912983   0.0177609334  -0.0188948067   0.0051132719
        0.0005106972  -0.0096168020  -0.0009221388   0.0052734891  -0.0489044182
        0.0078951601  -0.0005800483   0.0004777812   0.0000806308   0.0006370754
        0.0002930404   0.0002873238   0.0004182865   0.0003011145   0.0001470931
       -0.0015146193  -0.0014757054   0.0024736971   0.0078470667  -0.0496226284
        0.0276082355   0.0263459315  -0.2170207947  -0.1081186704  -0.0040059928
        0.0026402702   0.0005354843  -0.0054928834   0.0031428872  -0.0003481524
       -0.0046987946  -0.0068530395   0.0039996020   0.0234829356   0.0344247904
       -0.0877192368   0.0257934786   0.0280150463   0.5286894617  -0.0110400349
        0.0050054851  -0.0685055513   0.0012714932  -0.0031282023   0.0017411700
       -0.0002734539   0.0000692249   0.0009222395  -0.0005180520  -0.0003069201
        0.0054406200  -0.0024817717  -0.0005989346  -0.0003959483  -0.0010724340
       -0.0011473702   0.0006799126   0.0000645211  -0.0000786888   0.0002762327
        0.0163606958   0.0210935109  -0.0150864358  -0.0557400878   0.0278423047
       -0.2601690778   0.0145189736  -0.1053520299  -0.1078550027  -0.0237762231
        0.0094133172  -0.0032330553   0.0181087540  -0.0083984941   0.0012150696
       -0.0019138983  -0.0022156381   0.0018606279  -0.0292329051  -0.0121817927
        0.0031763591  -0.1780998223   0.0462671187  -0.0110400349   0.5284562557
        0.0359310523  -0.0260943253  -0.0589035453  -0.0124258238  -0.0024716155
        0.0023994326   0.0338474034   0.0035539541  -0.0333178939  -0.0289608473
        0.0099649328  -0.0007369802  -0.0001647337  -0.0005120419   0.0001671679
       -0.0000269350   0.0003594496   0.0001233181   0.0000311509  -0.0000103032
       -0.0002722403  -0.0004145184   0.0001199391  -0.0132904644   0.0042332393
       -0.0037937130  -0.0072705144   0.0032581427   0.0004348240  -0.0847608184
       -0.0321497410  -0.0872916333  -0.1233470919  -0.0350280773   0.1117435806
       -0.0018945667  -0.0022315283   0.0007835156  -0.0085860516   0.0033722277
       -0.0025461419   0.0418175592  -0.0767791792   0.0050054851   0.0359310523
        0.4096253350  -0.0054494734  -0.0138705388  -0.1403581193   0.0032650819
        0.0125480502  -0.0461702206  -0.0023222829  -0.0340888425  -0.0303358198
        0.0073897825  -0.0003431314  -0.0001139834  -0.0004073541   0.0000835853
       -0.0001132442   0.0002087678  -0.0001164742   0.0001039583   0.0000585749
       -0.0000792430   0.0002288865   0.0001475168   0.0049723196  -0.0001754037
        0.0007941996   0.0248656585  -0.0075315067   0.0000950810  -0.0277439363
       -0.0559246748  -0.0556864682  -0.0334954406  -0.0535967275   0.0486637154
        0.0004218098   0.0011123751  -0.0004254906   0.0124793845  -0.0016980209
        0.0005182270  -0.0086812299   0.0055912983  -0.0685055513  -0.0260943253
       -0.0054494734   0.5114038036  -0.0013374921   0.0038614463  -0.0736493435
        0.0035291354  -0.0062665103   0.0151647735   0.0112286644   0.0099827630
        0.0182016711   0.0003295178   0.0000386230   0.0003554995   0.0000067131
        0.0001198602   0.0000555457   0.0000159333  -0.0000881903  -0.0001053434
        0.0001523393   0.0003762791  -0.0000598786  -0.0268893453   0.0094928818
       -0.0033624602   0.0121631225  -0.0043679496   0.0011689443  -0.0884739725
       -0.0630616927  -0.2124518074   0.1111497450   0.0503563105  -0.1883085897
       -0.0005652177  -0.0011260378   0.0016396751  -0.0356557033   0.0318247173
        0.0045430032  -0.0039750608   0.0177609334   0.0012714932  -0.0589035453
       -0.0138705388  -0.0013374921   0.6895636766  -0.2805458021  -0.1013052133
       -0.3725844831   0.3202471390   0.0608104542  -0.2079984585  -0.0448163988
        0.0353426985  -0.0011908625   0.0000127867  -0.0000746089  -0.0003609628
        0.0006418261  -0.0002064713   0.0002320552  -0.0009559528  -0.0004481877
        0.0007299664  -0.0030790011  -0.0009936211  -0.0013881150   0.0007127304
       -0.0002091563  -0.0044517935   0.0010718360   0.0001283262  -0.0006584684
       -0.0126823972  -0.0022434397  -0.0027930274  -0.0151958403   0.0030825400
        0.0026799240  -0.0036254563   0.0000343890   0.0198001706   0.0077598571
       -0.0036238121   0.0203591264  -0.0188948067  -0.0031282023  -0.0124258238
       -0.1403581193   0.0038614463  -0.2805458021   0.7218905560   0.0528316348
        0.3352810531  -0.4315370556  -0.0654638281  -0.0768572408  -0.1096385005
        0.0172887672  -0.0007948274  -0.0002504052   0.0001322576  -0.0001890021
        0.0004538363  -0.0002311371   0.0013761504  -0.0001880896   0.0003823931
        0.0018204082  -0.0021004824  -0.0015438082   0.0000827964  -0.0005872705
        0.0004344099   0.0006116138  -0.0024748904   0.0016025795  -0.0054179925
       -0.0121270338  -0.0039138800  -0.0057805543  -0.0083221391   0.0013367904
       -0.0017192051   0.0023135573  -0.0001684555   0.0080933877  -0.0073972595
       -0.0027460797   0.0001658605   0.0051132719   0.0017411700  -0.0024716155
        0.0032650819  -0.0736493435  -0.1013052133   0.0528316348   0.2110664710
        0.0610396780  -0.0627646487  -0.0749816526   0.0366722204   0.0119057221
       -0.0556379584   0.0002667808   0.0000457976   0.0000742835  -0.0003954892
        0.0000193449  -0.0005170274  -0.0007388917   0.0001825902  -0.0002491919
        0.0019972679  -0.0020372066  -0.0013626029  -0.0008379865   0.0003291383
       -0.0003637012   0.0002733751  -0.0000272827  -0.0001211894  -0.0046718325
       -0.0277619060  -0.0011286920   0.0036316633   0.0239821644  -0.0019560300
       -0.0014786034   0.0025006183   0.0000195131  -0.0078190105  -0.0066386838
        0.0037633000   0.0016349880   0.0005106972  -0.0002734539   0.0023994326
        0.0125480502   0.0035291354  -0.3725844831   0.3352810531   0.0610396780
        0.4607426576  -0.3891176841  -0.0862281008  -0.0802961988   0.0418573878
        0.0186670896   0.0005883662   0.0001709470   0.0000180190   0.0001907552
       -0.0001266691   0.0002407860  -0.0007169806   0.0003063691  -0.0003061513
       -0.0011392629   0.0019312458   0.0001429483   0.0000309611  -0.0001021282
        0.0000434583  -0.0005367449   0.0002211673   0.0000400938  -0.0007038081
        0.0008007423   0.0004081060  -0.0003120685  -0.0001431129  -0.0011044214
        0.0000961520  -0.0006744209  -0.0000918526   0.0003001826   0.0014843666
       -0.0007177494  -0.0009391317  -0.0096168020   0.0000692249   0.0338474034
       -0.0461702206  -0.0062665103   0.3202471390  -0.4315370556  -0.0627646487
       -0.3891176841   0.4747851028   0.0760473125   0.0305762441   0.0124470000
       -0.0063171240  -0.0000312155   0.0000610385  -0.0001368073  -0.0000675346
       -0.0000993882   0.0000595247  -0.0000561691  -0.0000544701   0.0000641320
        0.0002115416  -0.0006549960   0.0002833817   0.0002645848  -0.0000516893
       -0.0001556188   0.0027361967  -0.0005865877  -0.0000882431   0.0008724208
       -0.0009805078   0.0002516696   0.0010598702   0.0016486303  -0.0002366912
        0.0009927107  -0.0013052567  -0.0001690295   0.0027664529   0.0019725734
        0.0043895470  -0.0007190198  -0.0009221388   0.0009222395   0.0035539541
       -0.0023222829   0.0151647735   0.0608104542  -0.0654638281  -0.0749816526
       -0.0862281008   0.0760473125   0.0446343542   0.0187789511  -0.0094410769
        0.0078523891  -0.0001385330  -0.0000682943  -0.0000244854   0.0001218624
       -0.0000640990   0.0000718361   0.0004285688   0.0000021623   0.0001979468
       -0.0007436414   0.0006122521   0.0005924009   0.0003528407  -0.0001981357
        0.0001247423   0.0001007220   0.0001072341   0.0000847548   0.0002212076
        0.0031180812   0.0005774273  -0.0002984295  -0.0020745031   0.0005627561
       -0.0283073809   0.0319168150  -0.0002677424  -0.0811292219   0.0463367214
        0.0102835358   0.0007830431   0.0052734891  -0.0005180520  -0.0333178939
       -0.0340888425   0.0112286644  -0.2079984585  -0.0768572408   0.0366722204
       -0.0802961988   0.0305762441   0.0187789511   0.4435313266  -0.0120881145
       -0.0845038421   0.0023649534   0.0001364192   0.0007870448   0.0021492106
       -0.0005153026   0.0008147084  -0.0074895282   0.0002458686  -0.0031653190
       -0.0079469572   0.0175974280   0.0097572574   0.0000371564  -0.0002648557
       -0.0000248513  -0.0006878412  -0.0001371770  -0.0003163267  -0.0008417741
       -0.0016891603   0.0007848313  -0.0008504355  -0.0064422921  -0.0003110801
        0.0084830124  -0.0020779348   0.0034174330   0.0268339580  -0.1590506260
       -0.0100397621   0.0005519630  -0.0489044182  -0.0003069201  -0.0289608473
       -0.0303358198   0.0099827630  -0.0448163988  -0.1096385005   0.0119057221
        0.0418573878   0.0124470000  -0.0094410769  -0.0120881145   0.3658984440
        0.0020649719   0.0000667648   0.0006079695  -0.0001778430  -0.0004091548
        0.0002802528   0.0003977250   0.0002334758   0.0011720552   0.0002362399
        0.0125483468  -0.0154607861  -0.0117080763  -0.0002389914  -0.0008422296
        0.0004000385  -0.0034393224  -0.0052836434   0.0036628469  -0.0005527063
       -0.0029817560  -0.0001092871  -0.0000693729  -0.0058300072  -0.0002847748
       -0.0071429383   0.0091778062   0.0054523905   0.0103081133  -0.0144592101
       -0.0609868538  -0.0035895690   0.0078951601   0.0054406200   0.0099649328
        0.0073897825   0.0182016711   0.0353426985   0.0172887672  -0.0556379584
        0.0186670896  -0.0063171240   0.0078523891  -0.0845038421   0.0020649719
        0.0826641743   0.0003141363   0.0000891154  -0.0002339394   0.0008790976
        0.0004631977   0.0017164601  -0.0026746433   0.0003533373  -0.0003662937
        0.0200432308  -0.0281348758  -0.0044145592   0.0001246422  -0.0005329691
        0.0003538977   0.0010375390   0.0014513203  -0.0000373550   0.0011391272
        0.0043768381  -0.0004148899   0.0000903854  -0.0011061176   0.0004102467
       -0.0959797586  -0.0899038771   0.0480885684  -0.0184286907  -0.0232947849
        0.0092263816  -0.0045206134  -0.0005800483  -0.0024817717  -0.0007369802
       -0.0003431314   0.0003295178  -0.0011908625  -0.0007948274   0.0002667808
        0.0005883662  -0.0000312155  -0.0001385330   0.0023649534   0.0000667648
        0.0003141363   0.1118967374   0.1064977078  -0.0540908949  -0.0022730970
       -0.0050102493   0.0047722876   0.0080968693   0.0132578409  -0.0064418120
        0.0007274155  -0.0001322443   0.0004970780   0.0000104009   0.0003066768
       -0.0003910719  -0.0003262320  -0.0002525945   0.0000851862  -0.0000531403
        0.0000750459   0.0000200681  -0.0001753682   0.0001389364  -0.0000559212
       -0.0905515436  -0.1943979947   0.0787754162  -0.0054528269  -0.0046585168
        0.0013550633  -0.0011365538   0.0004777812  -0.0005989346  -0.0001647337
       -0.0001139834   0.0000386230   0.0000127867  -0.0002504052   0.0000457976
        0.0001709470   0.0000610385  -0.0000682943   0.0001364192   0.0006079695
        0.0000891154   0.1064977078   0.2209132282  -0.0911251944   0.0014787038
        0.0031607503  -0.0002993081  -0.0113016028  -0.0261268099   0.0121493056
        0.0001664618  -0.0000250303  -0.0000390681   0.0000854892   0.0001238179
       -0.0004018922   0.0000939512   0.0001334105   0.0001133388  -0.0000327258
        0.0000328577   0.0000056748  -0.0000024800   0.0000618866  -0.0000396429
        0.0486313264   0.0792418907  -0.0864753090  -0.0065069292  -0.0101331297
        0.0051327679  -0.0022205710   0.0000806308  -0.0003959483  -0.0005120419
       -0.0004073541   0.0003554995  -0.0000746089   0.0001322576   0.0000742835
        0.0000180190  -0.0001368073  -0.0000244854   0.0007870448  -0.0001778430
       -0.0002339394  -0.0540908949  -0.0911251944   0.0964299438   0.0158985688
        0.0253662865  -0.0175597372  -0.0014189587  -0.0022198408   0.0018783387
       -0.0003528994  -0.0005049716   0.0005583931  -0.0000481256  -0.0000646887
        0.0001359767   0.0000213570  -0.0000653473   0.0000849863   0.0000317181
       -0.0000178687   0.0000302670  -0.0001630044   0.0000319801   0.0000089628
       -0.0483927093   0.0059253086   0.0335516028   0.0004433925  -0.0056919409
       -0.0284628724   0.0008372870   0.0006370754  -0.0010724340   0.0001671679
        0.0000835853   0.0000067131  -0.0003609628  -0.0001890021  -0.0003954892
        0.0001907552  -0.0000675346   0.0001218624   0.0021492106  -0.0004091548
        0.0008790976  -0.0022730970   0.0014787038   0.0158985688   0.0548694785
       -0.0049392135  -0.0355283197  -0.0028422698   0.0043371335   0.0179632055
       -0.0048104350  -0.0008046998  -0.0034913043  -0.0000685407  -0.0004983038
        0.0002937168  -0.0000089436   0.0001174845   0.0001376807   0.0000942630
        0.0000555017   0.0000762896   0.0000054035  -0.0000349432   0.0000216822
        0.0054323212  -0.0519602064  -0.0413932806  -0.0002011812  -0.0009470199
       -0.0042760797   0.0000844819   0.0002930404  -0.0011473702  -0.0000269350
       -0.0001132442   0.0001198602   0.0006418261   0.0004538363   0.0000193449
       -0.0001266691  -0.0000993882  -0.0000640990  -0.0005153026   0.0002802528
        0.0004631977  -0.0050102493   0.0031607503   0.0253662865  -0.0049392135
        0.0554197079   0.0483467574   0.0058979123  -0.0065199026  -0.0274474221
       -0.0007277344   0.0006116151  -0.0003684101  -0.0006465045  -0.0004532046
        0.0002542098   0.0000402981  -0.0000415220   0.0000619135   0.0000811724
       -0.0000546550   0.0000441856   0.0000157775  -0.0000300598   0.0000209061
        0.0328098445  -0.0414001596  -0.2747753928  -0.0036735342  -0.0038432567
       -0.0199310608   0.0010369369   0.0002873238   0.0006799126   0.0003594496
        0.0002087678   0.0000555457  -0.0002064713  -0.0002311371  -0.0005170274
        0.0002407860   0.0000595247   0.0000718361   0.0008147084   0.0003977250
        0.0017164601   0.0047722876  -0.0002993081  -0.0175597372  -0.0355283197
        0.0483467574   0.3174470206   0.0027218456  -0.0028898244  -0.0067810794
       -0.0034071696  -0.0004659305  -0.0011722749  -0.0002584805  -0.0003796481
        0.0006016281   0.0001093735   0.0001841929   0.0000837605   0.0001762267
        0.0000491806   0.0000386378   0.0000325163  -0.0000242077   0.0000417711
       -0.1144255532   0.1103115793   0.0172045533  -0.0172937565   0.0223240816
        0.0023930405   0.0007928892   0.0004182865   0.0000645211   0.0001233181
       -0.0001164742   0.0000159333   0.0002320552   0.0013761504  -0.0007388917
       -0.0007169806  -0.0000561691   0.0004285688  -0.0074895282   0.0002334758
       -0.0026746433   0.0080968693  -0.0113016028  -0.0014189587  -0.0028422698
        0.0058979123   0.0027218456   0.1333049729  -0.1289866134  -0.0184842100
        0.0004866872   0.0002002306   0.0003138116  -0.0002748819  -0.0000147844
        0.0004290829  -0.0002101259  -0.0002434550  -0.0002840458   0.0000902364
       -0.0000207954   0.0000259338   0.0001260678  -0.0000218222   0.0000034585
        0.1113808653  -0.2109358048  -0.0257076962   0.0009516696   0.0003016423
        0.0004357741  -0.0004107894   0.0003011145  -0.0000786888   0.0000311509
        0.0001039583  -0.0000881903  -0.0009559528  -0.0001880896   0.0001825902
        0.0003063691  -0.0000544701   0.0000021623   0.0002458686   0.0011720552
        0.0003533373   0.0132578409  -0.0261268099  -0.0022198408   0.0043371335
       -0.0065199026  -0.0028898244  -0.1289866134   0.2415403919   0.0299502400
       -0.0001413109   0.0001475018   0.0001858996   0.0001066996   0.0000696764
       -0.0000950414  -0.0000663330   0.0001274589  -0.0000252049  -0.0000158212
        0.0000276329   0.0000020488  -0.0000407768   0.0000336448  -0.0000075654
        0.0175153056  -0.0259869870  -0.0474550292  -0.0069471227   0.0101337983
        0.0013404097   0.0002548016   0.0001470931   0.0002762327  -0.0000103032
        0.0000585749  -0.0001053434  -0.0004481877   0.0003823931  -0.0002491919
       -0.0003061513   0.0000641320   0.0001979468  -0.0031653190   0.0002362399
       -0.0003662937  -0.0064418120   0.0121493056   0.0018783387   0.0179632055
       -0.0274474221  -0.0067810794  -0.0184842100   0.0299502400   0.0512041399
       -0.0001723722   0.0003356176   0.0002107775   0.0003048044  -0.0000946119
       -0.0001915040  -0.0000504104   0.0000373931   0.0000522446  -0.0000285612
        0.0000422308  -0.0000020520   0.0000163326  -0.0000079972  -0.0000095962
       -0.0015014172  -0.0039565894  -0.0272860925  -0.0431051588  -0.0002520704
        0.0234472268  -0.0011121083  -0.0015146193   0.0163606958  -0.0002722403
       -0.0000792430   0.0001523393   0.0007299664   0.0018204082   0.0019972679
       -0.0011392629   0.0002115416  -0.0007436414  -0.0079469572   0.0125483468
        0.0200432308   0.0007274155   0.0001664618  -0.0003528994  -0.0048104350
       -0.0007277344  -0.0034071696   0.0004866872  -0.0001413109  -0.0001723722
        0.0589271609  -0.0066112396  -0.0309234284  -0.0015910148  -0.0019395277
        0.0012797296   0.0008365502   0.0005476933   0.0000074986  -0.0001484134
       -0.0000611027  -0.0001705270  -0.0000807725  -0.0000110143  -0.0002318582
       -0.0010465082   0.0009361338  -0.0051742015  -0.0002338613  -0.0389784824
       -0.0212774110  -0.0042546413  -0.0014757054   0.0210935109  -0.0004145184
        0.0002288865   0.0003762791  -0.0030790011  -0.0021004824  -0.0020372066
        0.0019312458  -0.0006549960   0.0006122521   0.0175974280  -0.0154607861
       -0.0281348758  -0.0001322443  -0.0000250303  -0.0005049716  -0.0008046998
        0.0006116151  -0.0004659305   0.0002002306   0.0001475018   0.0003356176
       -0.0066112396   0.0589256270   0.0313476116  -0.0028286112  -0.0025569022
        0.0026791507  -0.0000826952   0.0004551176   0.0012619844   0.0000651068
       -0.0000896273  -0.0000295388  -0.0003059908   0.0000371303  -0.0000822705
       -0.0028614574  -0.0024942799  -0.0188006769   0.0232157952  -0.0198212823
       -0.2497016124   0.0026663561   0.0024736971  -0.0150864358   0.0001199391
        0.0001475168  -0.0000598786  -0.0009936211  -0.0015438082  -0.0013626029
        0.0001429483   0.0002833817   0.0005924009   0.0097572574  -0.0117080763
       -0.0044145592   0.0004970780  -0.0000390681   0.0005583931  -0.0034913043
       -0.0003684101  -0.0011722749   0.0003138116   0.0001858996   0.0002107775
       -0.0309234284   0.0313476116   0.2891004053   0.0019148210   0.0020265696
       -0.0010353822  -0.0005079977  -0.0004751791   0.0009948579   0.0001861381
        0.0000855342   0.0000155330  -0.0000363359  -0.0001001067   0.0001610551
        0.0006391734  -0.0000278415   0.0014045096   0.0022056380  -0.0037183478
        0.0158931784  -0.0537765059   0.0078470667  -0.0557400878  -0.0132904644
        0.0049723196  -0.0268893453  -0.0013881150   0.0000827964  -0.0008379865
        0.0000309611   0.0002645848   0.0003528407   0.0000371564  -0.0002389914
        0.0001246422   0.0000104009   0.0000854892  -0.0000481256  -0.0000685407
       -0.0006465045  -0.0002584805  -0.0002748819   0.0001066996   0.0003048044
       -0.0015910148  -0.0028286112   0.0019148210   0.0695741048  -0.0083906207
        0.0636762488   0.0021959365  -0.0003098878   0.0026102874  -0.0049561141
        0.0031871281  -0.0013957819   0.0006522657  -0.0003852795  -0.0011115250
        0.0010459658   0.0009617094   0.0008315296   0.0018621018  -0.0037015656
        0.0227625414   0.0081058651  -0.0496226284   0.0278423047   0.0042332393
       -0.0001754037   0.0094928818   0.0007127304  -0.0005872705   0.0003291383
       -0.0001021282  -0.0000516893  -0.0001981357  -0.0002648557  -0.0008422296
       -0.0005329691   0.0003066768   0.0001238179  -0.0000646887  -0.0004983038
       -0.0004532046  -0.0003796481  -0.0000147844   0.0000696764  -0.0000946119
       -0.0019395277  -0.0025569022   0.0020265696  -0.0083906207   0.0546686290
       -0.0351625030  -0.0059420566   0.0017042806  -0.0272778675   0.0013294932
       -0.0001745821   0.0003674506  -0.0004437952   0.0006373628   0.0000580080
       -0.0011652248  -0.0009616091   0.0012746064   0.0006851541   0.0053764889
       -0.0165523736  -0.0562331214   0.0276082355  -0.2601690778  -0.0037937130
        0.0007941996  -0.0033624602  -0.0002091563   0.0004344099  -0.0003637012
        0.0000434583  -0.0001556188   0.0001247423  -0.0000248513   0.0004000385
        0.0003538977  -0.0003910719  -0.0004018922   0.0001359767   0.0002937168
        0.0002542098   0.0006016281   0.0004290829  -0.0000950414  -0.0001915040
        0.0012797296   0.0026791507  -0.0010353822   0.0636762488  -0.0351625030
        0.2983450430  -0.0045700237  -0.0012250664  -0.0212199802  -0.0007665018
        0.0006680755   0.0006528738   0.0007462737  -0.0002130776   0.0014057111
       -0.0007075078  -0.0008563859   0.0003838025   0.0014771720  -0.0139194992
       -0.0071707275  -0.0415118528   0.0263459315   0.0145189736  -0.0072705144
        0.0248656585   0.0121631225  -0.0044517935   0.0006116138   0.0002733751
       -0.0005367449   0.0027361967   0.0001007220  -0.0006878412  -0.0034393224
        0.0010375390  -0.0003262320   0.0000939512   0.0000213570  -0.0000089436
        0.0000402981   0.0001093735  -0.0002101259  -0.0000663330  -0.0000504104
        0.0008365502  -0.0000826952  -0.0005079977   0.0021959365  -0.0059420566
       -0.0045700237   0.0516491425  -0.0315242537  -0.0170838669   0.0011932136
        0.0001149646   0.0006031857  -0.0016404587   0.0010219314   0.0001715754
       -0.0006034746  -0.0008590208   0.0004567988   0.0012389645  -0.0198271008
       -0.0100873955   0.0267715768  -0.2170207947  -0.1053520299   0.0032581427
       -0.0075315067  -0.0043679496   0.0010718360  -0.0024748904  -0.0000272827
        0.0002211673  -0.0005865877   0.0001072341  -0.0001371770  -0.0052836434
        0.0014513203  -0.0002525945   0.0001334105  -0.0000653473   0.0001174845
       -0.0000415220   0.0001841929  -0.0002434550   0.0001274589   0.0000373931
        0.0005476933   0.0004551176  -0.0004751791  -0.0003098878   0.0017042806
       -0.0012250664  -0.0315242537   0.2512027044   0.1193535930  -0.0004745203
        0.0005738945  -0.0000064636   0.0003184977  -0.0005718002   0.0000161819
       -0.0000098093   0.0002130070  -0.0000943545   0.0000185087   0.0082046685
        0.0042332787   0.0146183057  -0.1081186704  -0.1078550027   0.0004348240
        0.0000950810   0.0011689443   0.0001283262   0.0016025795  -0.0001211894
        0.0000400938  -0.0000882431   0.0000847548  -0.0003163267   0.0036628469
       -0.0000373550   0.0000851862   0.0001133388   0.0000849863   0.0001376807
        0.0000619135   0.0000837605  -0.0002840458  -0.0000252049   0.0000522446
        0.0000074986   0.0012619844   0.0009948579   0.0026102874  -0.0272778675
       -0.0212199802  -0.0170838669   0.1193535930   0.1214276496  -0.0005832069
        0.0010522848   0.0011734588   0.0001965444  -0.0001113115   0.0000239463
       -0.0002943393  -0.0002632422   0.0003017367  -0.0010435013  -0.0004675699
       -0.0003588830  -0.0152717676  -0.0040059928  -0.0237762231  -0.0847608184
       -0.0277439363  -0.0884739725  -0.0006584684  -0.0054179925  -0.0046718325
       -0.0007038081   0.0008724208   0.0002212076  -0.0008417741  -0.0005527063
        0.0011391272  -0.0000531403  -0.0000327258   0.0000317181   0.0000942630
        0.0000811724   0.0001762267   0.0000902364  -0.0000158212  -0.0000285612
       -0.0001484134   0.0000651068   0.0001861381  -0.0049561141   0.0013294932
       -0.0007665018   0.0011932136  -0.0004745203  -0.0005832069   0.1000343879
        0.0323503137   0.1019844391   0.0073200440   0.0042760005   0.0146185873
        0.0000855059   0.0002183712  -0.0000464534   0.0001887966  -0.0003078990
       -0.0004092863   0.0071385259   0.0026402702   0.0094133172  -0.0321497410
       -0.0559246748  -0.0630616927  -0.0126823972  -0.0121270338  -0.0277619060
        0.0008007423  -0.0009805078   0.0031180812  -0.0016891603  -0.0029817560
        0.0043768381   0.0000750459   0.0000328577  -0.0000178687   0.0000555017
       -0.0000546550   0.0000491806  -0.0000207954   0.0000276329   0.0000422308
       -0.0000611027  -0.0000896273   0.0000855342   0.0031871281  -0.0001745821
        0.0006680755   0.0001149646   0.0005738945   0.0010522848   0.0323503137
        0.0651144850   0.0658417952   0.0026066719   0.0040332243   0.0066498696
        0.0000445657  -0.0000226250   0.0000201368  -0.0001139886   0.0001365384
       -0.0001260265  -0.0040533947   0.0005354843  -0.0032330553  -0.0872916333
       -0.0556864682  -0.2124518074  -0.0022434397  -0.0039138800  -0.0011286920
        0.0004081060   0.0002516696   0.0005774273   0.0007848313  -0.0001092871
       -0.0004148899   0.0000200681   0.0000056748   0.0000302670   0.0000762896
        0.0000441856   0.0000386378   0.0000259338   0.0000020488  -0.0000020520
       -0.0001705270  -0.0000295388   0.0000155330  -0.0013957819   0.0003674506
        0.0006528738   0.0006031857  -0.0000064636   0.0011734588   0.1019844391
        0.0658417952   0.2426415417  -0.0086786541  -0.0074165847  -0.0277933531
       -0.0004684923  -0.0007076901   0.0003008554  -0.0052808190   0.0005569636
        0.0006612333  -0.0175080080  -0.0054928834   0.0181087540  -0.1233470919
       -0.0334954406   0.1111497450  -0.0027930274  -0.0057805543   0.0036316633
       -0.0003120685   0.0010598702  -0.0002984295  -0.0008504355  -0.0000693729
        0.0000903854  -0.0001753682  -0.0000024800  -0.0001630044   0.0000054035
        0.0000157775   0.0000325163   0.0001260678  -0.0000407768   0.0000163326
       -0.0000807725  -0.0003059908  -0.0000363359   0.0006522657  -0.0004437952
        0.0007462737  -0.0016404587   0.0003184977   0.0001965444   0.0073200440
        0.0026066719  -0.0086786541   0.1443527610   0.0417812032  -0.1257578795
        0.0002014588   0.0004150838  -0.0000953515   0.0012814055  -0.0026171530
        0.0007723979   0.0085614459   0.0031428872  -0.0083984941  -0.0350280773
       -0.0535967275   0.0503563105  -0.0151958403  -0.0083221391   0.0239821644
       -0.0001431129   0.0016486303  -0.0020745031  -0.0064422921  -0.0058300072
       -0.0011061176   0.0001389364   0.0000618866   0.0000319801  -0.0000349432
       -0.0000300598  -0.0000242077  -0.0000218222   0.0000336448  -0.0000079972
       -0.0000110143   0.0000371303  -0.0001001067  -0.0003852795   0.0006373628
       -0.0002130776   0.0010219314  -0.0005718002  -0.0001113115   0.0042760005
        0.0040332243  -0.0074165847   0.0417812032   0.0609580367  -0.0555951012
       -0.0000238831  -0.0000450588   0.0000583003  -0.0006421481  -0.0001062142
        0.0003858124  -0.0004027074  -0.0003481524   0.0012150696   0.1117435806
        0.0486637154  -0.1883085897   0.0030825400   0.0013367904  -0.0019560300
       -0.0011044214  -0.0002366912   0.0005627561  -0.0003110801  -0.0002847748
        0.0004102467  -0.0000559212  -0.0000396429   0.0000089628   0.0000216822
        0.0000209061   0.0000417711   0.0000034585  -0.0000075654  -0.0000095962
       -0.0002318582  -0.0000822705   0.0001610551  -0.0011115250   0.0000580080
        0.0014057111   0.0001715754   0.0000161819   0.0000239463   0.0146185873
        0.0066498696  -0.0277933531  -0.1257578795  -0.0555951012   0.2137939376
