           1           2   1.00851566837758     
           2           3  0.984147063247605     
           3           4   1.01267191723256     
           4           5  0.957128836645693     
           5           6   1.78037757600607     
           2           7  0.936907930000597     
           5           7   1.12956434239714     
           6           7  0.166200336865551     
           1           8  0.982730852487196     
           1           9  0.983804336274163     
           1          10  0.983187567105444     
           2          11  0.961519655406258     
           3          12  0.977239659126479     
           3          13  0.979521576984019     
           4          14  0.953788669845759     
           4          15  0.966563079733471     
