$hessian                                                                        
        0.4555788236   0.0379711628   0.0165432016  -0.1313917737   0.0543927683
        0.0574947553  -0.0291317481   0.0030329125   0.0180520376  -0.0015806429
       -0.0013305302   0.0022289191  -0.0013992461   0.0010950616   0.0023079428
        0.0000223058   0.0002625523   0.0000155269  -0.0000113528   0.0001012899
        0.0005027387   0.0007672531  -0.0001634870  -0.0018629033   0.0004105217
       -0.0006080741  -0.0004746117  -0.0004165993  -0.0001458754   0.0002771466
        0.0004186319  -0.0017024719  -0.0005589116  -0.1021936816  -0.0935952075
        0.0509228621  -0.1110447819   0.0575705421  -0.0832730898  -0.0790518544
       -0.0573287443  -0.0626891851  -0.0000930884   0.0000557871  -0.0001407104
        0.0000304791   0.0001874496  -0.0000063026  -0.0009127357  -0.0000480144
        0.0005250019   0.0000066316   0.0000536116   0.0000181617  -0.0000063310
        0.0000672727  -0.0000547274   0.0000054544  -0.0000407059   0.0000011258
       -0.0000062653   0.0001727000   0.0001710218
        0.0379711628   0.5017333428  -0.0297957316   0.0686538032  -0.1265815292
       -0.0434929651  -0.0124634877   0.0159302266   0.0073664845  -0.0012947205
       -0.0030272783   0.0013591859  -0.0000831413  -0.0004866961   0.0002741777
       -0.0003445910   0.0004959491   0.0002031953   0.0001141851   0.0008417261
       -0.0000980509  -0.0025115908   0.0005145683   0.0016824533  -0.0005538986
       -0.0000227047   0.0003743252   0.0001821465   0.0002077602  -0.0001584441
       -0.0001425693   0.0007927114  -0.0000223666  -0.0884789450  -0.1730940599
        0.0770444095   0.0570046527  -0.0937995610   0.0706223099  -0.0569091959
       -0.1224278286  -0.0862778055  -0.0000860613   0.0000023039   0.0000368405
        0.0000634687  -0.0000738149  -0.0000396142  -0.0013648156  -0.0008610644
        0.0010658923  -0.0000084420  -0.0000357339  -0.0000157145   0.0000172262
       -0.0000374069   0.0000084089  -0.0000263262   0.0000179307   0.0000199827
        0.0002611399  -0.0000888413  -0.0001569730
        0.0165432016  -0.0297957316   0.4731126798   0.0562035459  -0.0329524941
       -0.0854448205   0.0194576550  -0.0040989317  -0.0183438747   0.0022453406
        0.0013762982  -0.0004804058   0.0024182581  -0.0006084162   0.0001248112
        0.0000566785  -0.0002344706   0.0000225543   0.0005003564  -0.0000888508
        0.0003172256  -0.0016117695  -0.0000792435  -0.0005081412  -0.0004928447
        0.0004295514   0.0000040772   0.0002483570   0.0000847860  -0.0002527636
       -0.0007077851   0.0011347308  -0.0001451327   0.0504470979   0.0808300020
       -0.0894581822  -0.0830885136   0.0712748283  -0.1374527852  -0.0628849231
       -0.0870152642  -0.1408070902  -0.0001296067  -0.0000672049  -0.0001774014
        0.0000017185  -0.0001297437   0.0000497269   0.0006428072   0.0000918602
       -0.0006947766  -0.0000441518  -0.0000532845  -0.0000062144   0.0000210247
       -0.0000307276   0.0000013049  -0.0000004611   0.0000299536  -0.0000049121
        0.0001740142  -0.0000976471   0.0001441205
       -0.1313917737   0.0686538032   0.0562035459   0.3463669819  -0.0049415228
       -0.2109460552  -0.1321402305  -0.0791868408   0.0797551062  -0.0380243252
       -0.0265108432   0.0327523684   0.0057951038   0.0052982182  -0.0012991319
        0.0006824848  -0.0045157678  -0.0001445139  -0.0006235373   0.0008466541
        0.0052239220  -0.0028606732  -0.0084521574   0.0060812151  -0.0034206837
        0.0012878838   0.0025786734   0.0004726298   0.0005241136  -0.0005835263
        0.0023266291   0.0115335245  -0.0037375124  -0.0215603765   0.0072305995
        0.0161898167  -0.0298311943   0.0227202406   0.0110283261   0.0046453690
        0.0078608311   0.0086427047  -0.0002396474   0.0000463296  -0.0006753451
       -0.0002183889  -0.0003213882   0.0002068245  -0.0008158984  -0.0000035462
       -0.0005431843  -0.0000066639  -0.0001173623   0.0000521351   0.0000244781
       -0.0001631978  -0.0000243998  -0.0001655345   0.0000594939   0.0001216338
        0.0009852511  -0.0018490656  -0.0008826029
        0.0543927683  -0.1265815292  -0.0329524941  -0.0049415228   0.3313313884
       -0.0209908991  -0.0581329217  -0.1577379913   0.0542197978   0.0016693467
       -0.0039637643  -0.0006389074   0.0069218771  -0.0000590255  -0.0046825002
        0.0003015792  -0.0035628233   0.0001214896   0.0000430398  -0.0065244233
        0.0011519549  -0.0301269182  -0.0286825212   0.0252697621  -0.0010009600
        0.0020703726   0.0005493706   0.0006758171  -0.0000400289  -0.0005177428
        0.0009383623   0.0154363641  -0.0021951190  -0.0143047226   0.0113245544
        0.0097218471   0.0238549551  -0.0152238390  -0.0093584497   0.0204636594
       -0.0180312019  -0.0199625065   0.0001910607   0.0001393387  -0.0002575604
       -0.0014315685  -0.0013109307   0.0011837950   0.0001379776   0.0022348152
       -0.0004456890   0.0000192691  -0.0000801353   0.0000564385  -0.0000073525
       -0.0000994061  -0.0000437591  -0.0000118946   0.0001078876   0.0000044799
        0.0003481484  -0.0007471011  -0.0002333082
        0.0574947553  -0.0434929651  -0.0854448205  -0.2109460552  -0.0209908991
        0.2181536919   0.0778433755   0.0697684771  -0.0978393800   0.0302198266
        0.0202312404  -0.0210869220  -0.0014419633  -0.0034917006   0.0060792216
       -0.0006014148   0.0036489016  -0.0000004663   0.0052958470   0.0005670651
        0.0025849762   0.0080118371   0.0092539029  -0.0025242772   0.0028031381
       -0.0011084893  -0.0016948703  -0.0005984532  -0.0004104838   0.0002313104
       -0.0027926784  -0.0100418579   0.0016281688   0.0180657586  -0.0062674485
       -0.0117270914  -0.0035510015   0.0017362500   0.0126020925   0.0220802100
       -0.0208383047  -0.0191415489  -0.0006873263  -0.0001498922  -0.0006248677
        0.0003030204   0.0003590947  -0.0002449861  -0.0005559698  -0.0003416505
       -0.0011102872   0.0000043728   0.0001166236  -0.0000047098   0.0000195373
        0.0001135448   0.0000331215   0.0001106950  -0.0000567855  -0.0001092221
       -0.0010775113   0.0013953769   0.0002408666
       -0.0291317481  -0.0124634877   0.0194576550  -0.1321402305  -0.0581329217
        0.0778433755   0.4444930432  -0.0301826643  -0.2364199323  -0.1700496226
        0.1215897893   0.0803126026  -0.0448078540  -0.0188656357   0.0300829474
       -0.0112070304   0.0245358955   0.0040778464   0.0209107952  -0.0199992116
       -0.0149372095  -0.0777712037  -0.0200753519   0.0265062552   0.0066426937
       -0.0069969201  -0.0003882329  -0.0016417731   0.0002617592   0.0021997535
       -0.0034784917  -0.0032975722   0.0044059106  -0.0043613888   0.0021033453
        0.0034362148   0.0018874339  -0.0009782421   0.0007051064   0.0017399755
       -0.0005710619  -0.0023107838   0.0003221214   0.0004487466   0.0000819600
        0.0000789582  -0.0019729662   0.0053905107  -0.0020108263   0.0227666244
       -0.0008476074   0.0004893968   0.0002407344  -0.0001247203  -0.0000273079
        0.0002755962  -0.0003107130  -0.0000381075  -0.0001186459   0.0000264121
        0.0001011670   0.0014321904   0.0008126491
        0.0030329125   0.0159302266  -0.0040989317  -0.0791868408  -0.1577379913
        0.0697684771  -0.0301826643   0.6737191184  -0.0279717396   0.0531301095
       -0.1199574682  -0.0325589741   0.0178597898   0.0470553569  -0.0180610304
        0.0251589103  -0.0394797727  -0.0152618440  -0.0629428570  -0.0333019002
        0.0493890595   0.0439563013  -0.3123468075  -0.0081159361  -0.0051388288
        0.0011554521   0.0041670059  -0.0009847005  -0.0003081871   0.0008801406
        0.0297635528  -0.0521596503  -0.0170938508   0.0015464204  -0.0009005784
       -0.0010362562   0.0015091936   0.0005281469  -0.0000721033   0.0007370777
        0.0005178531  -0.0015302188   0.0004365617  -0.0003927105  -0.0002318143
       -0.0012607122   0.0002093129   0.0015729513   0.0035160907  -0.0174178755
       -0.0010418762  -0.0004340759   0.0000925136   0.0000191564  -0.0002194621
        0.0001148435   0.0003936153  -0.0000847834  -0.0002660981   0.0001273342
       -0.0002119953  -0.0050537843   0.0007568349
        0.0180520376   0.0073664845  -0.0183438747   0.0797551062   0.0542197978
       -0.0978393800  -0.2364199323  -0.0279717396   0.2981422706   0.0864937446
       -0.0831752016  -0.1028726576   0.0267402414   0.0090775498  -0.0270145011
        0.0040430179  -0.0147839917  -0.0042682149  -0.0110273470   0.0176494830
        0.0047942840   0.0207008019   0.0392081482  -0.0632027935  -0.0005506321
        0.0055477914   0.0051727681   0.0023070856  -0.0000445021  -0.0003424912
        0.0014237397   0.0073733422   0.0004074347   0.0035647219  -0.0014120531
       -0.0017923586  -0.0024847834   0.0001406821   0.0011305215   0.0004453324
        0.0010144069   0.0013497363   0.0000857175  -0.0002516693   0.0004535505
        0.0053388469   0.0020883435   0.0030212520   0.0009080794  -0.0152738792
        0.0003709992  -0.0001367300  -0.0002148574  -0.0001192156  -0.0002172537
       -0.0001930107   0.0003056914   0.0000374143   0.0001113233  -0.0000307729
        0.0009407912  -0.0004764481   0.0006777519
       -0.0015806429  -0.0012947205   0.0022453406  -0.0380243252   0.0016693467
        0.0302198266  -0.1700496226   0.0531301095   0.0864937446   0.4804412608
       -0.0316784135  -0.2696986293  -0.1628118483  -0.0400508795   0.0902293573
        0.0180905655  -0.0578711696  -0.0103342667  -0.0405144077   0.0015197132
        0.0276962067   0.0149752720   0.0565294606  -0.0184815384  -0.0382735827
        0.0008517464   0.0307194937  -0.0021075605   0.0017684831   0.0019919542
       -0.0619606880  -0.0161649447   0.0226082452  -0.0004457783   0.0006794440
        0.0003579047  -0.0006777760   0.0000794791   0.0000257644  -0.0004919766
        0.0001020561   0.0007311472   0.0028660976   0.0015079430   0.0027498106
       -0.0001590820   0.0000302241   0.0005917955   0.0029004014  -0.0005941104
        0.0030959090  -0.0005499864  -0.0000390645   0.0000823356  -0.0004258409
        0.0000885928   0.0005368954  -0.0005725482  -0.0005905545   0.0005608383
       -0.0006279310   0.0303272586  -0.0024221351
       -0.0013305302  -0.0030272783   0.0013762982  -0.0265108432  -0.0039637643
        0.0202312404   0.1215897893  -0.1199574682  -0.0831752016  -0.0316784135
        0.6432708112  -0.0249510616  -0.1129186319  -0.1127641357   0.0895520124
       -0.0180167237  -0.0318706220   0.0158457067   0.0015640713   0.0065582508
       -0.0019812617   0.0180696687  -0.0385696603  -0.0100430861   0.0268713318
       -0.0085850607  -0.0187381852   0.0010018302  -0.0039132057  -0.0003179255
        0.0097888101  -0.2963765740   0.0166749796  -0.0010046586   0.0002869365
        0.0007459256   0.0004417000   0.0000999057  -0.0003113361   0.0003194659
        0.0002003311  -0.0003346785   0.0005015765  -0.0046259598   0.0006710587
        0.0000150769   0.0005681795   0.0000129922   0.0004603258  -0.0051946256
        0.0007803706  -0.0005112272   0.0001627547   0.0002807868  -0.0003971050
        0.0000921009   0.0003960057   0.0010987208   0.0001285443  -0.0008471272
        0.0106457657  -0.0225194600  -0.0058675135
        0.0022289191   0.0013591859  -0.0004804058   0.0327523684  -0.0006389074
       -0.0210869220   0.0803126026  -0.0325589741  -0.1028726576  -0.2696986293
       -0.0249510616   0.3132271277   0.0968610953   0.0356978092  -0.1204774929
       -0.0139777729   0.0454261617   0.0032190367   0.0276821255  -0.0020119696
       -0.0231374977  -0.0149457872  -0.0385063163   0.0114799612   0.0283679277
        0.0004527664  -0.0176358890   0.0020426693  -0.0008902577  -0.0006243051
        0.0202618757   0.0358786474  -0.0515843500   0.0005352868  -0.0005144075
       -0.0001811363   0.0006248843  -0.0000345618  -0.0002335521   0.0000594236
       -0.0001417595  -0.0004203055   0.0028437506  -0.0000825730   0.0046815745
        0.0005954621  -0.0000101631   0.0002118490   0.0029956896   0.0015439137
        0.0046618781   0.0005191485  -0.0000809330  -0.0002617073   0.0001579223
        0.0000047304  -0.0004272172   0.0004336660   0.0004388127  -0.0001847909
       -0.0006526278  -0.0203801427   0.0021268023
       -0.0013992461  -0.0000831413   0.0024182581   0.0057951038   0.0069218771
       -0.0014419633  -0.0448078540   0.0178597898   0.0267402414  -0.1628118483
       -0.1129186319   0.0968610953   0.4266575004  -0.0064717049  -0.2293702013
       -0.0760761212   0.0329734868   0.0214405389   0.0167771146   0.0203397211
       -0.0152109392  -0.0095431650  -0.0212048262   0.0069458496  -0.1263005321
        0.0618937244   0.0636166859  -0.0273505463   0.0134057596   0.0162932071
       -0.0021670092   0.0057123857   0.0039371124  -0.0000931559   0.0001010497
        0.0000495498   0.0005736692  -0.0003242731  -0.0001026945  -0.0000406727
       -0.0002585254  -0.0002753635  -0.0010962626  -0.0220490093   0.0024848576
       -0.0001484296   0.0027623030   0.0050848630   0.0003807110  -0.0004297814
        0.0000810393   0.0016800238   0.0008172357   0.0004147709   0.0015808867
       -0.0000410018  -0.0020755025  -0.0039319179  -0.0016656984   0.0034200281
        0.0023217514   0.0026592608  -0.0013114330
        0.0010950616  -0.0004866961  -0.0006084162   0.0052982182  -0.0000590255
       -0.0034917006  -0.0188656357   0.0470553569   0.0090775498  -0.0400508795
       -0.1127641357   0.0356978092  -0.0064717049   0.6860089711  -0.0470901618
       -0.0320894917  -0.3192755385   0.0488524478   0.0639652229  -0.0397310250
       -0.0437784066  -0.0229266076  -0.0364897985   0.0200359449   0.0840169262
       -0.1618966684  -0.0503960711  -0.0020395165   0.0154373667  -0.0002198652
       -0.0248583271  -0.0601000650   0.0242365858   0.0000784899  -0.0002788742
       -0.0000886350   0.0005242407   0.0000527146  -0.0000702457   0.0002160025
        0.0000386019  -0.0004572142  -0.0027245039  -0.0160162563   0.0034437438
        0.0020364784  -0.0001648801  -0.0008376373  -0.0003926833  -0.0003869044
        0.0003656180  -0.0015227339   0.0007812929   0.0001331713  -0.0005047494
        0.0007565869   0.0012652148  -0.0015089813  -0.0006268973   0.0012610582
       -0.0032748257  -0.0018541261   0.0026692101
        0.0023079428   0.0002741777   0.0001248112  -0.0012991319  -0.0046825002
        0.0060792216   0.0300829474  -0.0180610304  -0.0270145011   0.0902293573
        0.0895520124  -0.1204774929  -0.2293702013  -0.0470901618   0.2893026837
        0.0273924254   0.0007547625  -0.0632497939  -0.0191893927  -0.0115375253
        0.0139161602   0.0071007456   0.0187388355  -0.0097166266   0.0615622176
       -0.0339910514  -0.0751289387   0.0177027327  -0.0116491270  -0.0156561978
        0.0067210327   0.0015995461  -0.0012466812   0.0000626351  -0.0000478632
       -0.0000274554  -0.0001752821   0.0001790386  -0.0001800764  -0.0003339072
        0.0002366521   0.0004440701   0.0007359153   0.0177104138  -0.0025831008
        0.0051568125  -0.0013846300   0.0033978197   0.0000804322   0.0003923692
        0.0003463561  -0.0019691576   0.0001320397   0.0010340215   0.0004870308
       -0.0007491937   0.0010756840   0.0034701059   0.0013382191  -0.0020643945
       -0.0007552604  -0.0017149839   0.0016244313
        0.0000223058  -0.0003445910   0.0000566785   0.0006824848   0.0003015792
       -0.0006014148  -0.0112070304   0.0251589103   0.0040430179   0.0180905655
       -0.0180167237  -0.0139777729  -0.0760761212  -0.0320894917   0.0273924254
        0.4753892351  -0.0180222273  -0.2741222106  -0.2000927786   0.1228049165
        0.1056164021  -0.0439388396  -0.0222233627   0.0359541528  -0.0041609200
        0.0306704634   0.0023157210   0.0006859409   0.0019843061  -0.0016843874
       -0.0007717477  -0.0024243297   0.0060795481   0.0000530520  -0.0001380854
       -0.0000083802   0.0003426212   0.0001005713  -0.0000130479   0.0000515548
        0.0000000894  -0.0003168179  -0.1573147353  -0.0881743706   0.1029842171
       -0.0017940805   0.0023467598   0.0009263004  -0.0000224771  -0.0018562820
        0.0052491343   0.0001639162   0.0001481627  -0.0002605654   0.0002719542
       -0.0002496900   0.0001725144   0.0001397006  -0.0000624230   0.0001273774
       -0.0005146007   0.0000858181   0.0000671076
        0.0002625523   0.0004959491  -0.0002344706  -0.0045157678  -0.0035628233
        0.0036489016   0.0245358955  -0.0394797727  -0.0147839917  -0.0578711696
       -0.0318706220   0.0454261617   0.0329734868  -0.3192755385   0.0007547625
       -0.0180222273   0.6536999412  -0.0367970880   0.0625585580  -0.1539239068
       -0.0360827886   0.0226998576   0.0500126080  -0.0211218268   0.0071214724
       -0.0285652081  -0.0023930086   0.0002323773   0.0001195686  -0.0003129736
       -0.0009382866   0.0005656936   0.0012638615   0.0001489038   0.0001074722
       -0.0000848961  -0.0005336365   0.0000580022   0.0000431040  -0.0002401580
        0.0000950320   0.0004802264  -0.0881345100  -0.1090145180   0.0724312678
        0.0216185107  -0.0191361498  -0.0142452193  -0.0022304729  -0.0002705304
        0.0023040103  -0.0004506522   0.0001353197  -0.0004421925   0.0002952324
        0.0001026377   0.0004777333  -0.0007160372  -0.0003565357   0.0006465897
        0.0012060713   0.0000633811  -0.0009781630
        0.0000155269   0.0002031953   0.0000225543  -0.0001445139   0.0001214896
       -0.0000004663   0.0040778464  -0.0152618440  -0.0042682149  -0.0103342667
        0.0158457067   0.0032190367   0.0214405389   0.0488524478  -0.0632497939
       -0.2741222106  -0.0367970880   0.3082253538   0.1111010701  -0.0805721657
       -0.1168624820   0.0318765940   0.0120245093  -0.0226529044   0.0045363138
       -0.0198473991   0.0012282829  -0.0015618876  -0.0016278253  -0.0000684730
        0.0059486561   0.0024965114   0.0025534475  -0.0000725243   0.0000890138
       -0.0000084884  -0.0001576391  -0.0000468328  -0.0000429040  -0.0000732375
       -0.0000358393   0.0002329521   0.1029834702   0.0724605349  -0.1115179481
       -0.0008273439  -0.0000157058   0.0003571520   0.0052814245   0.0020250011
        0.0027613787   0.0001664581   0.0003839988   0.0002369787  -0.0002579550
       -0.0002950372   0.0001047023   0.0001865609   0.0001068124   0.0001502787
       -0.0000628814  -0.0001094839  -0.0004204427
       -0.0000113528   0.0001141851   0.0005003564  -0.0006235373   0.0000430398
        0.0052958470   0.0209107952  -0.0629428570  -0.0110273470  -0.0405144077
        0.0015640713   0.0276821255   0.0167771146   0.0639652229  -0.0191893927
       -0.2000927786   0.0625585580   0.1111010701   0.4718703116  -0.0251710289
       -0.2653426875  -0.1910876033  -0.0485313844   0.1145808627  -0.0009973146
        0.0017847467   0.0054163384   0.0000369679  -0.0000917620   0.0004417028
        0.0003066943  -0.0014968624  -0.0001122005   0.0000802919  -0.0000143199
       -0.0000980371  -0.0003028476   0.0001347007   0.0001022399  -0.0006188096
       -0.0002321011   0.0003992919  -0.0174298559   0.0092095259   0.0114784326
       -0.0400263504   0.0072563418   0.0054048127  -0.0177213986  -0.0085587102
        0.0133304287  -0.0002740597  -0.0001470701   0.0000852911  -0.0005827170
        0.0002238812   0.0003583819   0.0000811362  -0.0000092455  -0.0000934470
        0.0002197214   0.0003410680  -0.0003140699
        0.0001012899   0.0008417261  -0.0000888508   0.0008466541  -0.0065244233
        0.0005670651  -0.0199992116  -0.0333019002   0.0176494830   0.0015197132
        0.0065582508  -0.0020119696   0.0203397211  -0.0397310250  -0.0115375253
        0.1228049165  -0.1539239068  -0.0805721657  -0.0251710289   0.6686718662
       -0.0322242070  -0.1084235558  -0.1448446868   0.0894554988   0.0003977837
       -0.0067032585   0.0008875781  -0.0000636296   0.0008194100   0.0000313408
        0.0001141732  -0.0037724684   0.0002645511   0.0000449768   0.0001962186
       -0.0000302767  -0.0001246220  -0.0000537719  -0.0001192937   0.0000338056
       -0.0001308878   0.0001671947  -0.0099738718   0.0067206933   0.0066871879
        0.0071689337  -0.3016252797   0.0192270222   0.0106589105   0.0064873147
       -0.0085379473   0.0002095937  -0.0001308841   0.0000688433  -0.0000411240
       -0.0000573527  -0.0001688943  -0.0000473667   0.0002133323   0.0000026526
       -0.0003960615   0.0002910333   0.0002827128
        0.0005027387  -0.0000980509   0.0003172256   0.0052239220   0.0011519549
        0.0025849762  -0.0149372095   0.0493890595   0.0047942840   0.0276962067
       -0.0019812617  -0.0231374977  -0.0152109392  -0.0437784066   0.0139161602
        0.1056164021  -0.0360827886  -0.1168624820  -0.2653426875  -0.0322242070
        0.3088098111   0.1200121474   0.0452331445  -0.1348708056   0.0054929778
       -0.0001115029   0.0024033745   0.0004383134   0.0000482108   0.0002993147
       -0.0003149484   0.0014114811  -0.0000347427  -0.0000537073  -0.0000079505
        0.0000900792   0.0004585389   0.0002818766  -0.0004939420   0.0000129821
       -0.0002170192  -0.0001732529   0.0132331859  -0.0074832233  -0.0098507617
        0.0054186903   0.0191723107  -0.0375539135   0.0115921628   0.0056640149
       -0.0098091974   0.0004057173  -0.0002714588  -0.0004083613   0.0000154367
        0.0002029875  -0.0001756932  -0.0000461197  -0.0000091767   0.0000816838
       -0.0002138104  -0.0002899939   0.0000737408
        0.0007672531  -0.0025115908  -0.0016117695  -0.0028606732  -0.0301269182
        0.0080118371  -0.0777712037   0.0439563013   0.0207008019   0.0149752720
        0.0180696687  -0.0149457872  -0.0095431650  -0.0229266076   0.0071007456
       -0.0439388396   0.0226998576   0.0318765940  -0.1910876033  -0.1084235558
        0.1200121474   0.4760813953  -0.0263058467  -0.2731682406   0.0009062756
       -0.0007192112  -0.0006707054   0.0000062449   0.0003139150   0.0000068966
       -0.0017637304   0.0025497165   0.0050413527   0.0001186954   0.0001003331
        0.0001521220   0.0001491715  -0.0001823342  -0.0003119151   0.0003468406
        0.0003938355   0.0001172426  -0.0002569249   0.0025968866   0.0050074193
       -0.0006153198  -0.0014513965   0.0004639949  -0.1658483025   0.1008555293
        0.0918947748   0.0002885464  -0.0000379238   0.0000145588   0.0000305421
       -0.0000771613  -0.0002802524   0.0000462630   0.0001259145  -0.0000296583
       -0.0000307375   0.0011005880   0.0006178408
       -0.0001634870   0.0005145683  -0.0000792435  -0.0084521574  -0.0286825212
        0.0092539029  -0.0200753519  -0.3123468075   0.0392081482   0.0565294606
       -0.0385696603  -0.0385063163  -0.0212048262  -0.0364897985   0.0187388355
       -0.0222233627   0.0500126080   0.0120245093  -0.0485313844  -0.1448446868
        0.0452331445  -0.0263058467   0.6508023082  -0.0303532031   0.0041798970
       -0.0041096120  -0.0026966069  -0.0001750719   0.0004403495   0.0000922082
        0.0013866316   0.0047645686  -0.0009947883   0.0008605699  -0.0004508330
       -0.0006183854   0.0003082691   0.0001436270   0.0004561821  -0.0003621920
        0.0002047030  -0.0003743856   0.0030082438  -0.0006272275  -0.0015514075
       -0.0205570875  -0.0178856055   0.0167944449   0.1008386298  -0.1217347019
       -0.0661003688   0.0004446708   0.0000531344  -0.0000500396   0.0001853533
        0.0000015607  -0.0003937727  -0.0001512488   0.0001069063   0.0000677514
        0.0004602908  -0.0013028796  -0.0001506092
       -0.0018629033   0.0016824533  -0.0005081412   0.0060812151   0.0252697621
       -0.0025242772   0.0265062552  -0.0081159361  -0.0632027935  -0.0184815384
       -0.0100430861   0.0114799612   0.0069458496   0.0200359449  -0.0097166266
        0.0359541528  -0.0211218268  -0.0226529044   0.1145808627   0.0894554988
       -0.1348708056  -0.2731682406  -0.0303532031   0.3079025571  -0.0011166294
        0.0008853048   0.0006614625   0.0000653718  -0.0002568190   0.0000277437
        0.0051936633  -0.0019293370   0.0017804206   0.0000789093  -0.0000012486
        0.0002700083   0.0000799021  -0.0004087867   0.0002926070  -0.0002393333
        0.0002251879   0.0001009124   0.0049602838  -0.0012468845   0.0032701155
        0.0021871053   0.0026805849  -0.0020513029   0.0918945054  -0.0661192702
       -0.0910132994  -0.0002015132  -0.0000109799  -0.0000501155  -0.0000988532
        0.0000844504   0.0002841247  -0.0000378671  -0.0001043406  -0.0000058239
        0.0006788021  -0.0006074683   0.0005261770
        0.0004105217  -0.0005538986  -0.0004928447  -0.0034206837  -0.0010009600
        0.0028031381   0.0066426937  -0.0051388288  -0.0005506321  -0.0382735827
        0.0268713318   0.0283679277  -0.1263005321   0.0840169262   0.0615622176
       -0.0041609200   0.0071214724   0.0045363138  -0.0009973146   0.0003977837
        0.0054929778   0.0009062756   0.0041798970  -0.0011166294   0.3399553044
       -0.0134622041  -0.2051210501  -0.1282681492  -0.0610859049   0.0657746136
        0.0001251364  -0.0087757268  -0.0002992811  -0.0001604048  -0.0000363529
        0.0001233163  -0.0000434262   0.0001807713   0.0000115733   0.0000155245
        0.0001668970  -0.0000076770  -0.0007287971  -0.0001659455  -0.0007117220
       -0.0002524525   0.0004459246   0.0002763156  -0.0002894803  -0.0001426998
       -0.0006782619  -0.0278906610  -0.0206469210   0.0143558235   0.0055414436
       -0.0051582898   0.0085966003  -0.0219557972  -0.0059069992   0.0176327184
       -0.0008546985  -0.0013062725  -0.0005554379
       -0.0006080741  -0.0000227047   0.0004295514   0.0012878838   0.0020703726
       -0.0011084893  -0.0069969201   0.0011554521   0.0055477914   0.0008517464
       -0.0085850607   0.0004527664   0.0618937244  -0.1618966684  -0.0339910514
        0.0306704634  -0.0285652081  -0.0198473991   0.0017847467  -0.0067032585
       -0.0001115029  -0.0007192112  -0.0041096120   0.0008853048  -0.0134622041
        0.3244760731  -0.0140276992  -0.0461390350  -0.1187053653   0.0406293503
       -0.0054187665   0.0167945016   0.0023547210   0.0000121980   0.0000894951
       -0.0000210016  -0.0000129510  -0.0001068729  -0.0000379315   0.0000320857
       -0.0000746184   0.0000514067  -0.0003745820   0.0024140874  -0.0001093943
        0.0015664304  -0.0014102606  -0.0010279547  -0.0003030939   0.0001751328
        0.0000909673  -0.0249583808  -0.0152510550   0.0144028372  -0.0166025891
       -0.0127721334   0.0194909824   0.0159502393   0.0105330090  -0.0127177767
        0.0015462899   0.0004946942  -0.0013354781
       -0.0004746117   0.0003743252   0.0000040772   0.0025786734   0.0005493706
       -0.0016948703  -0.0003882329   0.0041670059   0.0051727681   0.0307194937
       -0.0187381852  -0.0176358890   0.0636166859  -0.0503960711  -0.0751289387
        0.0023157210  -0.0023930086   0.0012282829   0.0054163384   0.0008875781
        0.0024033745  -0.0006707054  -0.0026966069   0.0006614625  -0.2051210501
       -0.0140276992   0.2138601503   0.0644696607   0.0517731471  -0.0991761436
       -0.0006402478   0.0047627586  -0.0013582893   0.0000978388   0.0000099318
       -0.0001068607   0.0000149222  -0.0001326887   0.0000351487   0.0000423337
       -0.0000843628   0.0000144193  -0.0006990310  -0.0002478549  -0.0011962439
        0.0001664865  -0.0001663550   0.0000573509  -0.0006796174  -0.0000131733
       -0.0007179535   0.0000126191   0.0017970353   0.0107136939   0.0244733995
        0.0203044993  -0.0250924959   0.0155457348   0.0035129953  -0.0108104878
       -0.0007964114   0.0007573587  -0.0012325555
       -0.0004165993   0.0001821465   0.0002483570   0.0004726298   0.0006758171
       -0.0005984532  -0.0016417731  -0.0009847005   0.0023070856  -0.0021075605
        0.0010018302   0.0020426693  -0.0273505463  -0.0020395165   0.0177027327
        0.0006859409   0.0002323773  -0.0015618876   0.0000369679  -0.0000636296
        0.0004383134   0.0000062449  -0.0001750719   0.0000653718  -0.1282681492
       -0.0461390350   0.0644696607   0.4596265987  -0.0341117787   0.0222888499
        0.0007066651   0.0022112296  -0.0005348783   0.0000037848   0.0000381046
       -0.0000053612   0.0000139411  -0.0000532509   0.0000315555  -0.0000045010
       -0.0000816805  -0.0000492436  -0.0008887235   0.0000516859   0.0005376667
        0.0000393123  -0.0002008343   0.0000124917  -0.0000464020  -0.0000976107
       -0.0000850916  -0.1068652588  -0.0706590159  -0.0717995925  -0.0836297509
        0.0480153092  -0.0746227629  -0.1098112377   0.1030152498   0.0387733900
       -0.0005615831  -0.0008176256   0.0003391266
       -0.0001458754   0.0002077602   0.0000847860   0.0005241136  -0.0000400289
       -0.0004104838   0.0002617592  -0.0003081871  -0.0000445021   0.0017684831
       -0.0039132057  -0.0008902577   0.0134057596   0.0154373667  -0.0116491270
        0.0019843061   0.0001195686  -0.0016278253  -0.0000917620   0.0008194100
        0.0000482108   0.0003139150   0.0004403495  -0.0002568190  -0.0610859049
       -0.1187053653   0.0517731471  -0.0341117787   0.5102061608   0.0229666731
       -0.0007046700   0.0008431143   0.0004572630   0.0000220744   0.0000109971
       -0.0000205784   0.0000003388  -0.0000305477   0.0000229426  -0.0000131931
       -0.0000348503  -0.0000043557   0.0013546433  -0.0010179293  -0.0009242174
       -0.0000457202  -0.0000697613   0.0000496788   0.0000615883   0.0000017774
       -0.0000562309  -0.0697636480  -0.1230139547  -0.0777714419   0.0483229350
       -0.0942348670   0.0777580643   0.0978102681  -0.1869786322  -0.0593558669
        0.0001323677   0.0002608250  -0.0001490597
        0.0002771466  -0.0001584441  -0.0002527636  -0.0005835263  -0.0005177428
        0.0002313104   0.0021997535   0.0008801406  -0.0003424912   0.0019919542
       -0.0003179255  -0.0006243051   0.0162932071  -0.0002198652  -0.0156561978
       -0.0016843874  -0.0003129736  -0.0000684730   0.0004417028   0.0000313408
        0.0002993147   0.0000068966   0.0000922082   0.0000277437   0.0657746136
        0.0406293503  -0.0991761436   0.0222888499   0.0229666731   0.4670321275
       -0.0002544695  -0.0016799564   0.0006289458  -0.0000038352  -0.0000275201
        0.0000053459  -0.0000518749   0.0000624614  -0.0000210456   0.0000240003
        0.0000419964  -0.0000017211   0.0004191150   0.0000357108  -0.0004685051
       -0.0000065145   0.0001524066   0.0000051471  -0.0001023336   0.0000544661
       -0.0001168352  -0.0711624508  -0.0776446183  -0.1155743912  -0.0753746583
        0.0785689043  -0.1675706900   0.0392515580  -0.0631966921  -0.0679196006
        0.0002552530   0.0005600794  -0.0004367719
        0.0004186319  -0.0001425693  -0.0007077851   0.0023266291   0.0009383623
       -0.0027926784  -0.0034784917   0.0297635528   0.0014237397  -0.0619606880
        0.0097888101   0.0202618757  -0.0021670092  -0.0248583271   0.0067210327
       -0.0007717477  -0.0009382866   0.0059486561   0.0003066943   0.0001141732
       -0.0003149484  -0.0017637304   0.0013866316   0.0051936633   0.0001251364
       -0.0054187665  -0.0006402478   0.0007066651  -0.0007046700  -0.0002544695
        0.3311103377  -0.0833343845  -0.2176582152   0.0000877121  -0.0001174912
       -0.0000980024   0.0001566151  -0.0000975150   0.0000492167   0.0001403219
        0.0000347464  -0.0000744610  -0.0001622943  -0.0011924071  -0.0000014795
       -0.0004339144  -0.0000849209  -0.0006406091  -0.0001591917   0.0012919564
       -0.0001124776   0.0000406644   0.0000801973   0.0001462058  -0.0001084808
       -0.0001511667   0.0001316151   0.0001185921   0.0000456897  -0.0001450927
       -0.2645324516   0.0735963851   0.1835644619
       -0.0017024719   0.0007927114   0.0011347308   0.0115335245   0.0154363641
       -0.0100418579  -0.0032975722  -0.0521596503   0.0073733422  -0.0161649447
       -0.2963765740   0.0358786474   0.0057123857  -0.0601000650   0.0015995461
       -0.0024243297   0.0005656936   0.0024965114  -0.0014968624  -0.0037724684
        0.0014114811   0.0025497165   0.0047645686  -0.0019293370  -0.0087757268
        0.0167945016   0.0047627586   0.0022112296   0.0008431143  -0.0016799564
       -0.0833343845   0.4429155125   0.0237481080   0.0000848601   0.0001886601
       -0.0000892448  -0.0003375040  -0.0001792888   0.0001873537  -0.0001818485
       -0.0002912237   0.0002982182  -0.0000011399  -0.0017756666   0.0001248119
       -0.0000646397   0.0004672851  -0.0001394433  -0.0001038743  -0.0007959845
        0.0001213322   0.0004383166  -0.0002877404  -0.0001202013   0.0002230474
       -0.0002112771  -0.0003077456  -0.0000920293   0.0003096336   0.0000666338
        0.0952242475  -0.0671281061  -0.0648956889
       -0.0005589116  -0.0000223666  -0.0001451327  -0.0037375124  -0.0021951190
        0.0016281688   0.0044059106  -0.0170938508   0.0004074347   0.0226082452
        0.0166749796  -0.0515843500   0.0039371124   0.0242365858  -0.0012466812
        0.0060795481   0.0012638615   0.0025534475  -0.0001122005   0.0002645511
       -0.0000347427   0.0050413527  -0.0009947883   0.0017804206  -0.0002992811
        0.0023547210  -0.0013582893  -0.0005348783   0.0004572630   0.0006289458
       -0.2176582152   0.0237481080   0.1851892216  -0.0001248352   0.0000625378
        0.0000159014  -0.0000361792  -0.0000442760   0.0001246998   0.0000587610
        0.0001607360   0.0001143183  -0.0001123600   0.0010191061  -0.0003257996
       -0.0006514501  -0.0001016098  -0.0008297289   0.0000122733  -0.0008960664
       -0.0000850635   0.0001404569   0.0002085692  -0.0000298991   0.0000826982
       -0.0000800572   0.0001724281  -0.0001346522  -0.0000722141   0.0000233495
        0.1815941175  -0.0489506710  -0.1369986491
       -0.1021936816  -0.0884789450   0.0504470979  -0.0215603765  -0.0143047226
        0.0180657586  -0.0043613888   0.0015464204   0.0035647219  -0.0004457783
       -0.0010046586   0.0005352868  -0.0000931559   0.0000784899   0.0000626351
        0.0000530520   0.0001489038  -0.0000725243   0.0000802919   0.0000449768
       -0.0000537073   0.0001186954   0.0008605699   0.0000789093  -0.0001604048
        0.0000121980   0.0000978388   0.0000037848   0.0000220744  -0.0000038352
        0.0000877121   0.0000848601  -0.0001248352   0.1273274175   0.1030953625
       -0.0692338188   0.0087016671   0.0119232133  -0.0079266413  -0.0075540949
       -0.0139460920   0.0046519644  -0.0000099745  -0.0000160275   0.0000074772
        0.0000127968  -0.0000195161   0.0000057392   0.0000042740   0.0000313744
       -0.0001388464  -0.0000018932  -0.0000140902  -0.0000025588   0.0000025331
       -0.0000112178   0.0000055484  -0.0000169602   0.0000111689   0.0000103881
        0.0000054840  -0.0000643427   0.0000234015
       -0.0935952075  -0.1730940599   0.0808300020   0.0072305995   0.0113245544
       -0.0062674485   0.0021033453  -0.0009005784  -0.0014120531   0.0006794440
        0.0002869365  -0.0005144075   0.0001010497  -0.0002788742  -0.0000478632
       -0.0001380854   0.0001074722   0.0000890138  -0.0000143199   0.0001962186
       -0.0000079505   0.0001003331  -0.0004508330  -0.0000012486  -0.0000363529
        0.0000894951   0.0000099318   0.0000381046   0.0000109971  -0.0000275201
       -0.0001174912   0.0001886601   0.0000625378   0.1030953625   0.1939676271
       -0.0896225219  -0.0073152752  -0.0141702729   0.0091634389  -0.0117099792
       -0.0176379164   0.0074737093  -0.0000339049   0.0000142504   0.0000239329
        0.0000083288   0.0000497363  -0.0000082643  -0.0004051625   0.0002858442
        0.0002585173  -0.0000003257  -0.0000092179  -0.0000010787   0.0000014014
       -0.0000075325   0.0000033879  -0.0000095146   0.0000102507   0.0000036693
        0.0000176502   0.0000172425  -0.0000077846
        0.0509228621   0.0770444095  -0.0894581822   0.0161898167   0.0097218471
       -0.0117270914   0.0034362148  -0.0010362562  -0.0017923586   0.0003579047
        0.0007459256  -0.0001811363   0.0000495498  -0.0000886350  -0.0000274554
       -0.0000083802  -0.0000848961  -0.0000084884  -0.0000980371  -0.0000302767
        0.0000900792   0.0001521220  -0.0006183854   0.0002700083   0.0001233163
       -0.0000210016  -0.0001068607  -0.0000053612  -0.0000205784   0.0000053459
       -0.0000980024  -0.0000892448   0.0000159014  -0.0692338188  -0.0896225219
        0.1056494437   0.0091252181   0.0194217856  -0.0111798780  -0.0108583660
       -0.0153414821   0.0085568093   0.0000067378   0.0000054757  -0.0000083613
        0.0000107821   0.0000104278   0.0000092189  -0.0000969118  -0.0000555621
       -0.0001027182  -0.0000004247   0.0000090677   0.0000009818  -0.0000025767
        0.0000109146  -0.0000055772   0.0000111829  -0.0000059522  -0.0000052318
        0.0000161714   0.0000449389   0.0000055508
       -0.1110447819   0.0570046527  -0.0830885136  -0.0298311943   0.0238549551
       -0.0035510015   0.0018874339   0.0015091936  -0.0024847834  -0.0006777760
        0.0004417000   0.0006248843   0.0005736692   0.0005242407  -0.0001752821
        0.0003426212  -0.0005336365  -0.0001576391  -0.0003028476  -0.0001246220
        0.0004585389   0.0001491715   0.0003082691   0.0000799021  -0.0000434262
       -0.0000129510   0.0000149222   0.0000139411   0.0000003388  -0.0000518749
        0.0001566151  -0.0003375040  -0.0000361792   0.0087016671  -0.0073152752
        0.0091252181   0.1405025000  -0.0787799119   0.0939048218  -0.0091319533
        0.0053915530  -0.0145303161   0.0000088302  -0.0000486065  -0.0000817787
        0.0000441215  -0.0000179456  -0.0000449337  -0.0012594617  -0.0017756939
       -0.0000499816  -0.0000140302  -0.0000095021   0.0000043713   0.0000009444
       -0.0000150936   0.0000190476  -0.0000045345   0.0000026423   0.0000014816
       -0.0000715093  -0.0000668029   0.0000190958
        0.0575705421  -0.0937995610   0.0712748283   0.0227202406  -0.0152238390
        0.0017362500  -0.0009782421   0.0005281469   0.0001406821   0.0000794791
        0.0000999057  -0.0000345618  -0.0003242731   0.0000527146   0.0001790386
        0.0001005713   0.0000580022  -0.0000468328   0.0001347007  -0.0000537719
        0.0002818766  -0.0001823342   0.0001436270  -0.0004087867   0.0001807713
       -0.0001068729  -0.0001326887  -0.0000532509  -0.0000305477   0.0000624614
       -0.0000975150  -0.0001792888  -0.0000442760   0.0119232133  -0.0141702729
        0.0194217856  -0.0787799119   0.1147909478  -0.0801764141  -0.0109994472
        0.0082158021  -0.0124097345  -0.0000108798   0.0000103889  -0.0000530092
       -0.0000237163   0.0000144243   0.0000008370  -0.0013415154  -0.0004412848
        0.0002230536   0.0000087676   0.0000171986  -0.0000025863  -0.0000015505
        0.0000244987  -0.0000158560   0.0000135378  -0.0000094098  -0.0000076198
        0.0000608125   0.0000591919   0.0000115529
       -0.0832730898   0.0706223099  -0.1374527852   0.0110283261  -0.0093584497
        0.0126020925   0.0007051064  -0.0000721033   0.0011305215   0.0000257644
       -0.0003113361  -0.0002335521  -0.0001026945  -0.0000702457  -0.0001800764
       -0.0000130479   0.0000431040  -0.0000429040   0.0001022399  -0.0001192937
       -0.0004939420  -0.0003119151   0.0004561821   0.0002926070   0.0000115733
       -0.0000379315   0.0000351487   0.0000315555   0.0000229426  -0.0000210456
        0.0000492167   0.0001873537   0.0001246998  -0.0079266413   0.0091634389
       -0.0111798780   0.0939048218  -0.0801764141   0.1534022720  -0.0147155859
        0.0097434390  -0.0183277622   0.0000647973  -0.0000062644   0.0000490133
       -0.0000026034  -0.0000202866   0.0000084422   0.0003900171  -0.0000603818
        0.0003551581   0.0000025467  -0.0000002135  -0.0000004194   0.0000013729
       -0.0000073345   0.0000075058  -0.0000050748   0.0000020606   0.0000029621
        0.0000333148  -0.0000005759  -0.0000780580
       -0.0790518544  -0.0569091959  -0.0628849231   0.0046453690   0.0204636594
        0.0220802100   0.0017399755   0.0007370777   0.0004453324  -0.0004919766
        0.0003194659   0.0000594236  -0.0000406727   0.0002160025  -0.0003339072
        0.0000515548  -0.0002401580  -0.0000732375  -0.0006188096   0.0000338056
        0.0000129821   0.0003468406  -0.0003621920  -0.0002393333   0.0000155245
        0.0000320857   0.0000423337  -0.0000045010  -0.0000131931   0.0000240003
        0.0001403219  -0.0001818485   0.0000587610  -0.0075540949  -0.0117099792
       -0.0108583660  -0.0091319533  -0.0109994472  -0.0147155859   0.0897834611
        0.0589483564   0.0655265050   0.0000470863   0.0000063870   0.0000740056
        0.0000234021   0.0000142804  -0.0000122754   0.0001972322  -0.0003220135
        0.0007567735   0.0000001534  -0.0000016242  -0.0000002370  -0.0000048094
       -0.0000023528   0.0000065603   0.0000017539  -0.0000019118  -0.0000017440
       -0.0000940035  -0.0000272045   0.0000327220
       -0.0573287443  -0.1224278286  -0.0870152642   0.0078608311  -0.0180312019
       -0.0208383047  -0.0005710619   0.0005178531   0.0010144069   0.0001020561
        0.0002003311  -0.0001417595  -0.0002585254   0.0000386019   0.0002366521
        0.0000000894   0.0000950320  -0.0000358393  -0.0002321011  -0.0001308878
       -0.0002170192   0.0003938355   0.0002047030   0.0002251879   0.0001668970
       -0.0000746184  -0.0000843628  -0.0000816805  -0.0000348503   0.0000419964
        0.0000347464  -0.0002912237   0.0001607360  -0.0139460920  -0.0176379164
       -0.0153414821   0.0053915530   0.0082158021   0.0097434390   0.0589483564
        0.1494226136   0.1111143539   0.0000446637   0.0000186675   0.0000276760
       -0.0000171396   0.0000251812   0.0000239312  -0.0005246496  -0.0002020608
        0.0011815231   0.0000144203   0.0000225557   0.0000015519   0.0000022665
        0.0000188439  -0.0000098327   0.0000128798  -0.0000119328  -0.0000113000
       -0.0000126010   0.0000623357  -0.0000762899
       -0.0626891851  -0.0862778055  -0.1408070902   0.0086427047  -0.0199625065
       -0.0191415489  -0.0023107838  -0.0015302188   0.0013497363   0.0007311472
       -0.0003346785  -0.0004203055  -0.0002753635  -0.0004572142   0.0004440701
       -0.0003168179   0.0004802264   0.0002329521   0.0003992919   0.0001671947
       -0.0001732529   0.0001172426  -0.0003743856   0.0001009124  -0.0000076770
        0.0000514067   0.0000144193  -0.0000492436  -0.0000043557  -0.0000017211
       -0.0000744610   0.0002982182   0.0001143183   0.0046519644   0.0074737093
        0.0085568093  -0.0145303161  -0.0124097345  -0.0183277622   0.0655265050
        0.1111143539   0.1694695931  -0.0000784781   0.0000424229  -0.0000024608
       -0.0000556495   0.0000210415   0.0000253639   0.0002938400   0.0016329407
       -0.0013636768   0.0000154109   0.0000121631   0.0000034644   0.0000061280
        0.0000072115  -0.0000115899   0.0000037236  -0.0000034781  -0.0000040475
        0.0000000173   0.0000534886  -0.0000581833
       -0.0000930884  -0.0000860613  -0.0001296067  -0.0002396474   0.0001910607
       -0.0006873263   0.0003221214   0.0004365617   0.0000857175   0.0028660976
        0.0005015765   0.0028437506  -0.0010962626  -0.0027245039   0.0007359153
       -0.1573147353  -0.0881345100   0.1029834702  -0.0174298559  -0.0099738718
        0.0132331859  -0.0002569249   0.0030082438   0.0049602838  -0.0007287971
       -0.0003745820  -0.0006990310  -0.0008887235   0.0013546433   0.0004191150
       -0.0001622943  -0.0000011399  -0.0001123600  -0.0000099745  -0.0000339049
        0.0000067378   0.0000088302  -0.0000108798   0.0000647973   0.0000470863
        0.0000446637  -0.0000784781   0.1770605292   0.0947094997  -0.1233152528
       -0.0003917580  -0.0006650964  -0.0015248435  -0.0006386670  -0.0004457267
        0.0008910406  -0.0012384797   0.0012722163   0.0001568654   0.0001597138
        0.0005321782   0.0002344500  -0.0000087965   0.0003417307  -0.0001553230
        0.0000336269   0.0000579022   0.0000868920
        0.0000557871   0.0000023039  -0.0000672049   0.0000463296   0.0001393387
       -0.0001498922   0.0004487466  -0.0003927105  -0.0002516693   0.0015079430
       -0.0046259598  -0.0000825730  -0.0220490093  -0.0160162563   0.0177104138
       -0.0881743706  -0.1090145180   0.0724605349   0.0092095259   0.0067206933
       -0.0074832233   0.0025968866  -0.0006272275  -0.0012468845  -0.0001659455
        0.0024140874  -0.0002478549   0.0000516859  -0.0010179293   0.0000357108
       -0.0011924071  -0.0017756666   0.0010191061  -0.0000160275   0.0000142504
        0.0000054757  -0.0000486065   0.0000103889  -0.0000062644   0.0000063870
        0.0000186675   0.0000424229   0.0947094997   0.1234694168  -0.0792359081
        0.0006142588   0.0009199697  -0.0007721980   0.0005323553   0.0002511770
       -0.0003719146   0.0016374216  -0.0003534188   0.0001920269   0.0004235500
       -0.0005992903  -0.0016448329  -0.0000577304   0.0002819698  -0.0000094683
       -0.0001362802   0.0001807138   0.0001041973
       -0.0001407104   0.0000368405  -0.0001774014  -0.0006753451  -0.0002575604
       -0.0006248677   0.0000819600  -0.0002318143   0.0004535505   0.0027498106
        0.0006710587   0.0046815745   0.0024848576   0.0034437438  -0.0025831008
        0.1029842171   0.0724312678  -0.1115179481   0.0114784326   0.0066871879
       -0.0098507617   0.0050074193  -0.0015514075   0.0032701155  -0.0007117220
       -0.0001093943  -0.0011962439   0.0005376667  -0.0009242174  -0.0004685051
       -0.0000014795   0.0001248119  -0.0003257996   0.0000074772   0.0000239329
       -0.0000083613  -0.0000817787  -0.0000530092   0.0000490133   0.0000740056
        0.0000276760  -0.0000024608  -0.1233152528  -0.0792359081   0.1201969500
       -0.0016381267   0.0001762148  -0.0013387546   0.0008025320   0.0003539055
       -0.0001104961  -0.0003052020  -0.0000778523   0.0003349964   0.0006768800
       -0.0011958434  -0.0008088604  -0.0001204871  -0.0002956423  -0.0000632350
        0.0001048455  -0.0000439909   0.0000905962
        0.0000304791   0.0000634687   0.0000017185  -0.0002183889  -0.0014315685
        0.0003030204   0.0000789582  -0.0012607122   0.0053388469  -0.0001590820
        0.0000150769   0.0005954621  -0.0001484296   0.0020364784   0.0051568125
       -0.0017940805   0.0216185107  -0.0008273439  -0.0400263504   0.0071689337
        0.0054186903  -0.0006153198  -0.0205570875   0.0021871053  -0.0002524525
        0.0015664304   0.0001664865   0.0000393123  -0.0000457202  -0.0000065145
       -0.0004339144  -0.0000646397  -0.0006514501   0.0000127968   0.0000083288
        0.0000107821   0.0000441215  -0.0000237163  -0.0000026034   0.0000234021
       -0.0000171396  -0.0000556495  -0.0003917580   0.0006142588  -0.0016381267
        0.0441421867  -0.0086856212  -0.0143992807  -0.0004025121  -0.0009687107
       -0.0015243995   0.0000385538   0.0000221955  -0.0000085826   0.0000254240
        0.0000080771  -0.0000578394   0.0000103975  -0.0000091764   0.0000132154
       -0.0000033439  -0.0000576667  -0.0000203498
        0.0001874496  -0.0000738149  -0.0001297437  -0.0003213882  -0.0013109307
        0.0003590947  -0.0019729662   0.0002093129   0.0020883435   0.0000302241
        0.0005681795  -0.0000101631   0.0027623030  -0.0001648801  -0.0013846300
        0.0023467598  -0.0191361498  -0.0000157058   0.0072563418  -0.3016252797
        0.0191723107  -0.0014513965  -0.0178856055   0.0026805849   0.0004459246
       -0.0014102606  -0.0001663550  -0.0002008343  -0.0000697613   0.0001524066
       -0.0000849209   0.0004672851  -0.0001016098  -0.0000195161   0.0000497363
        0.0000104278  -0.0000179456   0.0000144243  -0.0000202866   0.0000142804
        0.0000251812   0.0000210415  -0.0006650964   0.0009199697   0.0001762148
       -0.0086856212   0.3382500370  -0.0221929541   0.0003751874   0.0009504739
       -0.0005992447   0.0000048186   0.0000187959   0.0000186059  -0.0000178512
        0.0000096814  -0.0000168622   0.0000169210   0.0000422985  -0.0000165139
       -0.0000026737   0.0001513070  -0.0000249615
       -0.0000063026  -0.0000396142   0.0000497269   0.0002068245   0.0011837950
       -0.0002449861   0.0053905107   0.0015729513   0.0030212520   0.0005917955
        0.0000129922   0.0002118490   0.0050848630  -0.0008376373   0.0033978197
        0.0009263004  -0.0142452193   0.0003571520   0.0054048127   0.0192270222
       -0.0375539135   0.0004639949   0.0167944449  -0.0020513029   0.0002763156
       -0.0010279547   0.0000573509   0.0000124917   0.0000496788   0.0000051471
       -0.0006406091  -0.0001394433  -0.0008297289   0.0000057392  -0.0000082643
        0.0000092189  -0.0000449337   0.0000008370   0.0000084422  -0.0000122754
        0.0000239312   0.0000253639  -0.0015248435  -0.0007721980  -0.0013387546
       -0.0143992807  -0.0221929541   0.0362452484  -0.0016506038   0.0003958977
       -0.0014031519  -0.0000469415  -0.0000094865   0.0000051699  -0.0000094078
       -0.0000197905   0.0000346633   0.0000028294   0.0000049558   0.0000103634
       -0.0000312796   0.0000260560  -0.0000169298
       -0.0009127357  -0.0013648156   0.0006428072  -0.0008158984   0.0001379776
       -0.0005559698  -0.0020108263   0.0035160907   0.0009080794   0.0029004014
        0.0004603258   0.0029956896   0.0003807110  -0.0003926833   0.0000804322
       -0.0000224771  -0.0022304729   0.0052814245  -0.0177213986   0.0106589105
        0.0115921628  -0.1658483025   0.1008386298   0.0918945054  -0.0002894803
       -0.0003030939  -0.0006796174  -0.0000464020   0.0000615883  -0.0001023336
       -0.0001591917  -0.0001038743   0.0000122733   0.0000042740  -0.0004051625
       -0.0000969118  -0.0012594617  -0.0013415154   0.0003900171   0.0001972322
       -0.0005246496   0.0002938400  -0.0006386670   0.0005323553   0.0008025320
       -0.0004025121   0.0003751874  -0.0016506038   0.1866167456  -0.1098471946
       -0.1117126434   0.0000177063   0.0000152870   0.0000515785   0.0000427342
       -0.0000530282  -0.0000598583  -0.0000093163   0.0000355566   0.0000028624
       -0.0000231348  -0.0000654186  -0.0000902665
       -0.0000480144  -0.0008610644   0.0000918602  -0.0000035462   0.0022348152
       -0.0003416505   0.0227666244  -0.0174178755  -0.0152738792  -0.0005941104
       -0.0051946256   0.0015439137  -0.0004297814  -0.0003869044   0.0003923692
       -0.0018562820  -0.0002705304   0.0020250011  -0.0085587102   0.0064873147
        0.0056640149   0.1008555293  -0.1217347019  -0.0661192702  -0.0001426998
        0.0001751328  -0.0000131733  -0.0000976107   0.0000017774   0.0000544661
        0.0012919564  -0.0007959845  -0.0008960664   0.0000313744   0.0002858442
       -0.0000555621  -0.0017756939  -0.0004412848  -0.0000603818  -0.0003220135
       -0.0002020608   0.0016329407  -0.0004457267   0.0002511770   0.0003539055
       -0.0009687107   0.0009504739   0.0003958977  -0.1098471946   0.1372660965
        0.0706936261   0.0000351402   0.0000181437   0.0000145084   0.0000047129
        0.0000116140  -0.0000474022   0.0000146264   0.0000086873  -0.0000085599
        0.0000901306  -0.0003860445  -0.0000465580
        0.0005250019   0.0010658923  -0.0006947766  -0.0005431843  -0.0004456890
       -0.0011102872  -0.0008476074  -0.0010418762   0.0003709992   0.0030959090
        0.0007803706   0.0046618781   0.0000810393   0.0003656180   0.0003463561
        0.0052491343   0.0023040103   0.0027613787   0.0133304287  -0.0085379473
       -0.0098091974   0.0918947748  -0.0661003688  -0.0910132994  -0.0006782619
        0.0000909673  -0.0007179535  -0.0000850916  -0.0000562309  -0.0001168352
       -0.0001124776   0.0001213322  -0.0000850635  -0.0001388464   0.0002585173
       -0.0001027182  -0.0000499816   0.0002230536   0.0003551581   0.0007567735
        0.0011815231  -0.0013636768   0.0008910406  -0.0003719146  -0.0001104961
       -0.0015243995  -0.0005992447  -0.0014031519  -0.1117126434   0.0706936261
        0.0980757278  -0.0000802168   0.0000559140   0.0000294201   0.0000599051
       -0.0000294620   0.0000196711   0.0000036470  -0.0000265087  -0.0000028623
       -0.0001149439   0.0000684173  -0.0000902712
        0.0000066316  -0.0000084420  -0.0000441518  -0.0000066639   0.0000192691
        0.0000043728   0.0004893968  -0.0004340759  -0.0001367300  -0.0005499864
       -0.0005112272   0.0005191485   0.0016800238  -0.0015227339  -0.0019691576
        0.0001639162  -0.0004506522   0.0001664581  -0.0002740597   0.0002095937
        0.0004057173   0.0002885464   0.0004446708  -0.0002015132  -0.0278906610
       -0.0249583808   0.0000126191  -0.1068652588  -0.0697636480  -0.0711624508
        0.0000406644   0.0004383166   0.0001404569  -0.0000018932  -0.0000003257
       -0.0000004247  -0.0000140302   0.0000087676   0.0000025467   0.0000001534
        0.0000144203   0.0000154109  -0.0012384797   0.0016374216  -0.0003052020
        0.0000385538   0.0000048186  -0.0000469415   0.0000177063   0.0000351402
       -0.0000802168   0.1343901393   0.0930829393   0.0782063319  -0.0091389817
       -0.0082439553  -0.0138313931   0.0088864144   0.0097467880   0.0085595548
       -0.0000221317   0.0002512952  -0.0002544355
        0.0000536116  -0.0000357339  -0.0000532845  -0.0001173623  -0.0000801353
        0.0001166236   0.0002407344   0.0000925136  -0.0002148574  -0.0000390645
        0.0001627547  -0.0000809330   0.0008172357   0.0007812929   0.0001320397
        0.0001481627   0.0001353197   0.0003839988  -0.0001470701  -0.0001308841
       -0.0002714588  -0.0000379238   0.0000531344  -0.0000109799  -0.0206469210
       -0.0152510550   0.0017970353  -0.0706590159  -0.1230139547  -0.0776446183
        0.0000801973  -0.0002877404   0.0002085692  -0.0000140902  -0.0000092179
        0.0000090677  -0.0000095021   0.0000171986  -0.0000002135  -0.0000016242
        0.0000225557   0.0000121631   0.0012722163  -0.0003534188  -0.0000778523
        0.0000221955   0.0000187959  -0.0000094865   0.0000152870   0.0000181437
        0.0000559140   0.0930829393   0.1480728420   0.0859517916   0.0079854069
        0.0080733382   0.0078243633  -0.0119827131  -0.0184836871  -0.0178770298
       -0.0000626995   0.0001979378  -0.0002508526
        0.0000181617  -0.0000157145  -0.0000062144   0.0000521351   0.0000564385
       -0.0000047098  -0.0001247203   0.0000191564  -0.0001192156   0.0000823356
        0.0002807868  -0.0002617073   0.0004147709   0.0001331713   0.0010340215
       -0.0002605654  -0.0004421925   0.0002369787   0.0000852911   0.0000688433
       -0.0004083613   0.0000145588  -0.0000500396  -0.0000501155   0.0143558235
        0.0144028372   0.0107136939  -0.0717995925  -0.0777714419  -0.1155743912
        0.0001462058  -0.0001202013  -0.0000298991  -0.0000025588  -0.0000010787
        0.0000009818   0.0000043713  -0.0000025863  -0.0000004194  -0.0000002370
        0.0000015519   0.0000034644   0.0001568654   0.0001920269   0.0003349964
       -0.0000085826   0.0000186059   0.0000051699   0.0000515785   0.0000145084
        0.0000294201   0.0782063319   0.0859517916   0.1288779107  -0.0155928414
       -0.0143723120  -0.0178827227  -0.0057318682  -0.0082336961  -0.0068785751
       -0.0000674635  -0.0001304552  -0.0000203059
       -0.0000063310   0.0000172262   0.0000210247   0.0000244781  -0.0000073525
        0.0000195373  -0.0000273079  -0.0002194621  -0.0002172537  -0.0004258409
       -0.0003971050   0.0001579223   0.0015808867  -0.0005047494   0.0004870308
        0.0002719542   0.0002952324  -0.0002579550  -0.0005827170  -0.0000411240
        0.0000154367   0.0000305421   0.0001853533  -0.0000988532   0.0055414436
       -0.0166025891   0.0244733995  -0.0836297509   0.0483229350  -0.0753746583
       -0.0001084808   0.0002230474   0.0000826982   0.0000025331   0.0000014014
       -0.0000025767   0.0000009444  -0.0000015505   0.0000013729  -0.0000048094
        0.0000022665   0.0000061280   0.0001597138   0.0004235500   0.0006768800
        0.0000254240  -0.0000178512  -0.0000094078   0.0000427342   0.0000047129
        0.0000599051  -0.0091389817   0.0079854069  -0.0155928414   0.0946753255
       -0.0500135244   0.0788001907  -0.0084633706   0.0101654885  -0.0131709910
        0.0000316105   0.0001786877  -0.0000769891
        0.0000672727  -0.0000374069  -0.0000307276  -0.0001631978  -0.0000994061
        0.0001135448   0.0002755962   0.0001148435  -0.0001930107   0.0000885928
        0.0000921009   0.0000047304  -0.0000410018   0.0007565869  -0.0007491937
       -0.0002496900   0.0001026377  -0.0002950372   0.0002238812  -0.0000573527
        0.0002029875  -0.0000771613   0.0000015607   0.0000844504  -0.0051582898
       -0.0127721334   0.0203044993   0.0480153092  -0.0942348670   0.0785689043
       -0.0001511667  -0.0002112771  -0.0000800572  -0.0000112178  -0.0000075325
        0.0000109146  -0.0000150936   0.0000244987  -0.0000073345  -0.0000023528
        0.0000188439   0.0000072115   0.0005321782  -0.0005992903  -0.0011958434
        0.0000080771   0.0000096814  -0.0000197905  -0.0000530282   0.0000116140
       -0.0000294620  -0.0082439553   0.0080733382  -0.0143723120  -0.0500135244
        0.1134866731  -0.1009593988   0.0147800843  -0.0148870784   0.0185386361
        0.0001886878   0.0002139655   0.0000962888
       -0.0000547274   0.0000084089   0.0000013049  -0.0000243998  -0.0000437591
        0.0000331215  -0.0003107130   0.0003936153   0.0003056914   0.0005368954
        0.0003960057  -0.0004272172  -0.0020755025   0.0012652148   0.0010756840
        0.0001725144   0.0004777333   0.0001047023   0.0003583819  -0.0001688943
       -0.0001756932  -0.0002802524  -0.0003937727   0.0002841247   0.0085966003
        0.0194909824  -0.0250924959  -0.0746227629   0.0777580643  -0.1675706900
        0.0001316151  -0.0003077456   0.0001724281   0.0000055484   0.0000033879
       -0.0000055772   0.0000190476  -0.0000158560   0.0000075058   0.0000065603
       -0.0000098327  -0.0000115899   0.0002344500  -0.0016448329  -0.0008088604
       -0.0000578394  -0.0000168622   0.0000346633  -0.0000598583  -0.0000474022
        0.0000196711  -0.0138313931   0.0078243633  -0.0178827227   0.0788001907
       -0.1009593988   0.2031845566   0.0026869567  -0.0037533965   0.0068587376
       -0.0002313118  -0.0002560227  -0.0001073448
        0.0000054544  -0.0000263262  -0.0000004611  -0.0001655345  -0.0000118946
        0.0001106950  -0.0000381075  -0.0000847834   0.0000374143  -0.0005725482
        0.0010987208   0.0004336660  -0.0039319179  -0.0015089813   0.0034701059
        0.0001397006  -0.0007160372   0.0001865609   0.0000811362  -0.0000473667
       -0.0000461197   0.0000462630  -0.0001512488  -0.0000378671  -0.0219557972
        0.0159502393   0.0155457348  -0.1098112377   0.0978102681   0.0392515580
        0.0001185921  -0.0000920293  -0.0001346522  -0.0000169602  -0.0000095146
        0.0000111829  -0.0000045345   0.0000135378  -0.0000050748   0.0000017539
        0.0000128798   0.0000037236  -0.0000087965  -0.0000577304  -0.0001204871
        0.0000103975   0.0000169210   0.0000028294  -0.0000093163   0.0000146264
        0.0000036470   0.0088864144  -0.0119827131  -0.0057318682  -0.0084633706
        0.0147800843   0.0026869567   0.1358362064  -0.1151569800  -0.0558560313
       -0.0001477971   0.0001483279   0.0001884871
       -0.0000407059   0.0000179307   0.0000299536   0.0000594939   0.0001078876
       -0.0000567855  -0.0001186459  -0.0002660981   0.0001113233  -0.0005905545
        0.0001285443   0.0004388127  -0.0016656984  -0.0006268973   0.0013382191
       -0.0000624230  -0.0003565357   0.0001068124  -0.0000092455   0.0002133323
       -0.0000091767   0.0001259145   0.0001069063  -0.0001043406  -0.0059069992
        0.0105330090   0.0035129953   0.1030152498  -0.1869786322  -0.0631966921
        0.0000456897   0.0003096336  -0.0000722141   0.0000111689   0.0000102507
       -0.0000059522   0.0000026423  -0.0000094098   0.0000020606  -0.0000019118
       -0.0000119328  -0.0000034781   0.0003417307   0.0002819698  -0.0002956423
       -0.0000091764   0.0000422985   0.0000049558   0.0000355566   0.0000086873
       -0.0000265087   0.0097467880  -0.0184836871  -0.0082336961   0.0101654885
       -0.0148870784  -0.0037533965  -0.1151569800   0.2097912452   0.0702206443
        0.0000126175   0.0000685761  -0.0000078944
        0.0000011258   0.0000199827  -0.0000049121   0.0001216338   0.0000044799
       -0.0001092221   0.0000264121   0.0001273342  -0.0000307729   0.0005608383
       -0.0008471272  -0.0001847909   0.0034200281   0.0012610582  -0.0020643945
        0.0001273774   0.0006465897   0.0001502787  -0.0000934470   0.0000026526
        0.0000816838  -0.0000296583   0.0000677514  -0.0000058239   0.0176327184
       -0.0127177767  -0.0108104878   0.0387733900  -0.0593558669  -0.0679196006
       -0.0001450927   0.0000666338   0.0000233495   0.0000103881   0.0000036693
       -0.0000052318   0.0000014816  -0.0000076198   0.0000029621  -0.0000017440
       -0.0000113000  -0.0000040475  -0.0001553230  -0.0000094683  -0.0000632350
        0.0000132154  -0.0000165139   0.0000103634   0.0000028624  -0.0000085599
       -0.0000028623   0.0085595548  -0.0178770298  -0.0068785751  -0.0131709910
        0.0185386361   0.0068587376  -0.0558560313   0.0702206443   0.0809811809
        0.0002012609  -0.0001081699  -0.0000245995
       -0.0000062653   0.0002611399   0.0001740142   0.0009852511   0.0003481484
       -0.0010775113   0.0001011670  -0.0002119953   0.0009407912  -0.0006279310
        0.0106457657  -0.0006526278   0.0023217514  -0.0032748257  -0.0007552604
       -0.0005146007   0.0012060713  -0.0000628814   0.0002197214  -0.0003960615
       -0.0002138104  -0.0000307375   0.0004602908   0.0006788021  -0.0008546985
        0.0015462899  -0.0007964114  -0.0005615831   0.0001323677   0.0002552530
       -0.2645324516   0.0952242475   0.1815941175   0.0000054840   0.0000176502
        0.0000161714  -0.0000715093   0.0000608125   0.0000333148  -0.0000940035
       -0.0000126010   0.0000000173   0.0000336269  -0.0001362802   0.0001048455
       -0.0000033439  -0.0000026737  -0.0000312796  -0.0000231348   0.0000901306
       -0.0001149439  -0.0000221317  -0.0000626995  -0.0000674635   0.0000316105
        0.0001886878  -0.0002313118  -0.0001477971   0.0000126175   0.0002012609
        0.2637915758  -0.1060970828  -0.1799950865
        0.0001727000  -0.0000888413  -0.0000976471  -0.0018490656  -0.0007471011
        0.0013953769   0.0014321904  -0.0050537843  -0.0004764481   0.0303272586
       -0.0225194600  -0.0203801427   0.0026592608  -0.0018541261  -0.0017149839
        0.0000858181   0.0000633811  -0.0001094839   0.0003410680   0.0002910333
       -0.0002899939   0.0011005880  -0.0013028796  -0.0006074683  -0.0013062725
        0.0004946942   0.0007573587  -0.0008176256   0.0002608250   0.0005600794
        0.0735963851  -0.0671281061  -0.0489506710  -0.0000643427   0.0000172425
        0.0000449389  -0.0000668029   0.0000591919  -0.0000005759  -0.0000272045
        0.0000623357   0.0000534886   0.0000579022   0.0001807138  -0.0000439909
       -0.0000576667   0.0001513070   0.0000260560  -0.0000654186  -0.0003860445
        0.0000684173   0.0002512952   0.0001979378  -0.0001304552   0.0001786877
        0.0002139655  -0.0002560227   0.0001483279   0.0000685761  -0.0001081699
       -0.1060970828   0.0970191393   0.0702603378
        0.0001710218  -0.0001569730   0.0001441205  -0.0008826029  -0.0002333082
        0.0002408666   0.0008126491   0.0007568349   0.0006777519  -0.0024221351
       -0.0058675135   0.0021268023  -0.0013114330   0.0026692101   0.0016244313
        0.0000671076  -0.0009781630  -0.0004204427  -0.0003140699   0.0002827128
        0.0000737408   0.0006178408  -0.0001506092   0.0005261770  -0.0005554379
       -0.0013354781  -0.0012325555   0.0003391266  -0.0001490597  -0.0004367719
        0.1835644619  -0.0648956889  -0.1369986491   0.0000234015  -0.0000077846
        0.0000055508   0.0000190958   0.0000115529  -0.0000780580   0.0000327220
       -0.0000762899  -0.0000581833   0.0000868920   0.0001041973   0.0000905962
       -0.0000203498  -0.0000249615  -0.0000169298  -0.0000902665  -0.0000465580
       -0.0000902712  -0.0002544355  -0.0002508526  -0.0000203059  -0.0000769891
        0.0000962888  -0.0001073448   0.0001884871  -0.0000078944  -0.0000245995
       -0.1799950865   0.0702603378   0.1339740744
