           1           2  0.988568796292796     
           2           3   1.06434598322097     
           3           4   1.30819278762898     
           4           5   1.32415706991245     
           5           6   1.37909499322934     
           6           7   1.43067050999888     
           3           8   1.37063419359062     
           7           8   1.43492571546286     
           5           9   1.02596333535735     
           9          10  0.985919946468464     
           4          11   1.07954968530042     
           1          12  0.979167571495247     
           1          13  0.976120884180099     
           1          14  0.976120840789663     
           6          15  0.966088655687249     
           7          16  0.971105637147358     
           8          17  0.965891444031224     
          10          18  0.976990901617317     
          10          19  0.976990886502716     
          10          20  0.979559577453455     
          11          21  0.874616241980022     
