$hessian                                                                        
        0.7081724171  -0.0894700039   0.1326831240  -0.0871206654   0.0698384477
       -0.0380149209  -0.0457191960   0.0109876157  -0.0140031477  -0.0654049859
        0.0394329865  -0.0284042089  -0.2470941005  -0.1079520361   0.0191934901
       -0.0008755430   0.0020111195  -0.0031598245  -0.0009622835   0.0003639148
        0.0005924732  -0.2621408913   0.0898288231  -0.0768549219   0.0042621722
       -0.0147186617   0.0079252344  -0.0016758256  -0.0002803546   0.0002098875
        0.0001537562   0.0001947252   0.0000233822  -0.0015266992   0.0000232663
       -0.0000755405  -0.0000681551  -0.0002598424  -0.0001150271
       -0.0894700039   0.5618706017  -0.2199312684   0.0405718613  -0.3342760122
        0.1371239495   0.0495832903  -0.0395769726   0.0298691618  -0.0178260186
        0.0365213918  -0.0182715974  -0.0564490790  -0.1242320988   0.0258367100
        0.0027151695  -0.0014517495   0.0030307590  -0.0022587514   0.0011098208
        0.0007451226   0.0907296497  -0.0768014872   0.0357604937   0.0039682521
       -0.0144754128   0.0057126324  -0.0210328744  -0.0088333682  -0.0001536854
       -0.0001469576   0.0000567623  -0.0000674573  -0.0000817506   0.0000987570
        0.0001224638  -0.0003027874  -0.0000102323   0.0002227158
        0.1326831240  -0.2199312684   0.2282604145  -0.0248412247   0.1417181579
       -0.1137161173  -0.0308437352   0.0247248294  -0.0052913457  -0.0029204425
       -0.0089452805   0.0076158662  -0.0045119917   0.0174359928  -0.0586199819
       -0.0010928561   0.0035319939   0.0050876128  -0.0017900987   0.0004100714
       -0.0000603625  -0.0772193086   0.0356861755  -0.0567618089  -0.0006163749
        0.0026786305  -0.0048252705   0.0096754958   0.0029906451  -0.0020225737
        0.0000175582   0.0000620301   0.0000984306   0.0013292059  -0.0002813319
        0.0003632133   0.0001306486  -0.0000806458  -0.0001280770
       -0.0871206654   0.0405718613  -0.0248412247   0.5524594794   0.1016306917
        0.0231754041  -0.2651469131   0.0131519441  -0.0387000281  -0.0671052289
       -0.0314633101   0.0017358757   0.0155095934  -0.0150932383   0.0089799994
        0.0010322533  -0.0032632652  -0.0013177563  -0.0022816521   0.0016999410
        0.0012238618  -0.0038790961   0.0208931429  -0.0093493216  -0.1354988913
       -0.1279908397   0.0403165716  -0.0044746542  -0.0005310667  -0.0011671170
       -0.0007159567   0.0005736093  -0.0004640490  -0.0018880068  -0.0000118121
        0.0001021531  -0.0008902616  -0.0001676581   0.0003056311
        0.0698384477  -0.3342760122   0.1417181579   0.1016306917   0.6920170073
       -0.2499190194   0.0542215398  -0.0739714965   0.0169200577  -0.0223381214
       -0.0297077386   0.0152083524  -0.0731681502  -0.0396929133   0.0088267830
       -0.0025455625  -0.0034849823   0.0034411813   0.0009587210  -0.0006799958
       -0.0006927752   0.0007001618  -0.0065021662   0.0007301642  -0.1256804345
       -0.2023679265   0.0615919296  -0.0040696586  -0.0013019637   0.0021017969
       -0.0010023414  -0.0003213851   0.0000051024   0.0011374515  -0.0000005902
        0.0002161157   0.0003172551   0.0002901631  -0.0001478464
       -0.0380149209   0.1371239495  -0.1137161173   0.0231754041  -0.2499190194
        0.2224638103  -0.0569203086   0.0099621226  -0.0700134257  -0.0015240930
        0.0136709036   0.0038308989   0.0348901641   0.0180529161   0.0022758189
        0.0010200763   0.0026991633   0.0017222730  -0.0020469386   0.0006841634
        0.0004650041  -0.0001075935   0.0037782677  -0.0069733030   0.0392874648
        0.0613792352  -0.0438729033   0.0004256061   0.0027106578   0.0036987868
        0.0004245923   0.0001696026   0.0000145021  -0.0004402592   0.0000017876
       -0.0000504356  -0.0001691939  -0.0003137501   0.0001550908
       -0.0457191960   0.0495832903  -0.0308437352  -0.2651469131   0.0542215398
       -0.0569203086   0.4737581569   0.0142970540   0.0537232894  -0.0993111299
       -0.0791378570   0.0308881775  -0.0146219985  -0.0094599986  -0.0000460065
       -0.0230758543  -0.0297269871   0.0119171830   0.0030950521  -0.0017430471
       -0.0010841765  -0.0003898178   0.0044966334  -0.0034592289  -0.0238177488
       -0.0010299163  -0.0024976520  -0.0019716825  -0.0010238998  -0.0011973448
       -0.0068714718  -0.0012147137  -0.0007349312   0.0030608628  -0.0000463816
        0.0006568399   0.0010117409   0.0007842836  -0.0004021060
        0.0109876157  -0.0395769726   0.0247248294   0.0131519441  -0.0739714965
        0.0099621226   0.0142970540   0.3956292359  -0.1380846572  -0.0405804653
       -0.2059537456   0.0611696436   0.0297638561  -0.0667630950   0.0390690420
       -0.0086459195  -0.0069122743  -0.0015133658   0.0022015818   0.0009744472
        0.0001506602  -0.0015131568  -0.0035451600   0.0055212119  -0.0227158503
        0.0012475851  -0.0069173590   0.0052992481  -0.0025616649   0.0058050918
       -0.0014656840   0.0006705080  -0.0000290266   0.0006490890   0.0002644220
       -0.0004383166  -0.0014293129   0.0004982108   0.0005801238
       -0.0140031477   0.0298691618  -0.0052913457  -0.0387000281   0.0169200577
       -0.0700134257   0.0537232894  -0.1380846572   0.1588067598   0.0106846032
        0.0547453264  -0.0825195771  -0.0166026071   0.0334241222  -0.0083294578
        0.0017806682  -0.0046379402  -0.0032925829   0.0013357765  -0.0003099238
        0.0005911263  -0.0007526525   0.0064356290   0.0060473896   0.0076232827
       -0.0033966576  -0.0031737210  -0.0040648413   0.0050204399   0.0059546588
       -0.0013312140  -0.0000878643   0.0009043800   0.0002261139  -0.0000493027
        0.0007805664   0.0000807568   0.0001516090  -0.0004647707
       -0.0654049859  -0.0178260186  -0.0029204425  -0.0671052289  -0.0223381214
       -0.0015240930  -0.0993111299  -0.0405804653   0.0106846032   0.7166942776
       -0.0610679608   0.1097479140  -0.2140455268   0.1495924365  -0.0929327499
       -0.1991864142  -0.0129694299  -0.0299404999  -0.0363435257   0.0162796193
        0.0138398465  -0.0048440432  -0.0038590641   0.0001315305  -0.0056244433
        0.0012739230  -0.0016137185   0.0043356106  -0.0048231773   0.0033938923
       -0.0122216614  -0.0049779627  -0.0007305375  -0.0185056802   0.0010347663
       -0.0089908186   0.0015627513   0.0002614549   0.0008550733
        0.0394329865   0.0365213918  -0.0089452805  -0.0314633101  -0.0297077386
        0.0136709036  -0.0791378570  -0.2059537456   0.0547453264  -0.0610679608
        0.4866833572  -0.1641228627   0.1202362057  -0.2054960076   0.0919897627
       -0.0158296501  -0.0579031197   0.0067853130   0.0273652352  -0.0044845384
       -0.0062952027  -0.0004643898  -0.0010008775   0.0025021283  -0.0001088714
        0.0002494089   0.0016117841   0.0152356956  -0.0146013568   0.0067448973
       -0.0264126178  -0.0059351139  -0.0031113657   0.0093449105   0.0017930212
        0.0047177065   0.0028696237  -0.0001646811  -0.0002931101
       -0.0284042089  -0.0182715974   0.0076158662   0.0017358757   0.0152083524
        0.0038308989   0.0308881775   0.0611696436  -0.0825195771   0.1097479140
       -0.1641228627   0.2365695032  -0.0796984149   0.0960555438  -0.1024046529
       -0.0259564174   0.0038876900  -0.0579537086   0.0237395049  -0.0031260267
        0.0011000013  -0.0011847728   0.0020701868   0.0036649016  -0.0014240535
        0.0017694130   0.0026840587  -0.0055349039   0.0035429928  -0.0077808197
        0.0075404517   0.0024092739   0.0012566415  -0.0302664589  -0.0012241704
       -0.0071927249  -0.0011826936   0.0006315608   0.0011296117
       -0.2470941005  -0.0564490790  -0.0045119917   0.0155095934  -0.0731681502
        0.0348901641  -0.0146219985   0.0297638561  -0.0166026071  -0.2140455268
        0.1202362057  -0.0796984149   0.5478561596   0.0228310852   0.0566324155
       -0.0176818778   0.0154372360  -0.0100059299  -0.0009133757  -0.0001602727
        0.0000316190  -0.0172558380  -0.0107110422   0.0026348470  -0.0002574813
       -0.0004978012  -0.0010513609  -0.0507948861  -0.0477070645   0.0184863647
        0.0012417106   0.0008380105   0.0001212035  -0.0021291617  -0.0003511862
       -0.0006250203   0.0001867828  -0.0000617975  -0.0003012890
       -0.1079520361  -0.1242320988   0.0174359928  -0.0150932383  -0.0396929133
        0.0180529161  -0.0094599986  -0.0667630950   0.0334241222   0.1495924365
       -0.2054960076   0.0960555438   0.0228310852   0.7030256907  -0.2689908446
        0.0014183032   0.0006919100  -0.0022002378  -0.0011950255   0.0009628960
        0.0005084124   0.0099460672   0.0055953308  -0.0019200376   0.0014660495
       -0.0029703649   0.0048552158  -0.0486897169  -0.2718521863   0.1040456002
       -0.0008725409   0.0006461184  -0.0004576261  -0.0021350293   0.0003194946
       -0.0009122565   0.0001436440  -0.0002347745   0.0001031993
        0.0191934901   0.0258367100  -0.0586199819   0.0089799994   0.0088267830
        0.0022758189  -0.0000460065   0.0390690420  -0.0083294578  -0.0929327499
        0.0919897627  -0.1024046529   0.0566324155  -0.2689908446   0.2394948361
       -0.0042061334   0.0012472109  -0.0019215440   0.0025520038  -0.0013078275
       -0.0010218278  -0.0068860725  -0.0051336657  -0.0007588694  -0.0018654940
        0.0045602325   0.0049709639   0.0187883210   0.1041318643  -0.0729767967
        0.0008120156  -0.0002836240  -0.0000850140  -0.0012116282  -0.0000062853
       -0.0004405735   0.0001898392   0.0000606417  -0.0001829009
       -0.0008755430   0.0027151695  -0.0010928561   0.0010322533  -0.0025455625
        0.0010200763  -0.0230758543  -0.0086459195   0.0017806682  -0.1991864142
       -0.0158296501  -0.0259564174  -0.0176818778   0.0014183032  -0.0042061334
        0.4478805444   0.0429951702   0.0067308830  -0.0940251317   0.0457154962
        0.0652497022  -0.0002804240  -0.0002047984   0.0001637300  -0.0005888510
        0.0000386461  -0.0004023427   0.0004579406  -0.0004126250   0.0003267393
       -0.0665874582  -0.0696060851   0.0180565146  -0.0524485917   0.0075743892
       -0.0520780925   0.0053794076  -0.0032125339  -0.0095924714
        0.0020111195  -0.0014517495   0.0035319939  -0.0032632652  -0.0034849823
        0.0026991633  -0.0297269871  -0.0069122743  -0.0046379402  -0.0129694299
       -0.0579031197   0.0038876900   0.0154372360   0.0006919100   0.0012472109
        0.0429951702   0.5074219291  -0.0455315920   0.0300103498  -0.1222147638
       -0.0470744533   0.0005837871   0.0005589371   0.0000410535  -0.0014047258
        0.0003204801   0.0003559252   0.0005637109  -0.0000513012   0.0000896112
       -0.0716932324  -0.2350091071   0.0589632840   0.0087352349  -0.0554331211
        0.0495299914   0.0187210320  -0.0265328374  -0.0231019378
       -0.0031598245   0.0030307590   0.0050876128  -0.0013177563   0.0034411813
        0.0017222730   0.0119171830  -0.0015133658  -0.0032925829  -0.0299404999
        0.0067853130  -0.0579537086  -0.0100059299  -0.0022002378  -0.0019215440
        0.0067308830  -0.0455315920   0.4538182666   0.0659125227  -0.0671487458
       -0.1248658267  -0.0005841680  -0.0002004343   0.0004404997   0.0003097470
        0.0004059885   0.0010062649  -0.0000131886  -0.0002237347  -0.0001903849
        0.0171484180   0.0541866887  -0.0590755396  -0.0524835350   0.0504056848
       -0.2168156407  -0.0045138516  -0.0014375049   0.0020403105
       -0.0009622835  -0.0022587514  -0.0017900987  -0.0022816521   0.0009587210
       -0.0020469386   0.0030950521   0.0022015818   0.0013357765  -0.0363435257
        0.0273652352   0.0237395049  -0.0009133757  -0.0011950255   0.0025520038
       -0.0940251317   0.0300103498   0.0659125227   0.2031730920   0.0706188763
       -0.1424930668  -0.0002883761  -0.0002247745  -0.0002035656   0.0001397802
       -0.0002021102  -0.0003030644   0.0000659148  -0.0001205258   0.0000420684
        0.0045303141  -0.0018925709  -0.0045879851   0.0025903242   0.0024998340
        0.0095615516  -0.0787801326  -0.1277608398   0.0482812913
        0.0003639148   0.0011098208   0.0004100714   0.0016999410  -0.0006799958
        0.0006841634  -0.0017430471   0.0009744472  -0.0003099238   0.0162796193
       -0.0044845384  -0.0031260267  -0.0001602727   0.0009628960  -0.0013078275
        0.0457154962  -0.1222147638  -0.0671487458   0.0706188763   0.5245847688
        0.0317175805   0.0001152135   0.0000804035   0.0000416086   0.0000012452
        0.0000317120  -0.0000703003  -0.0001374107   0.0000421179  -0.0001733134
        0.0153719053  -0.0300271021  -0.0219573483   0.0025276659   0.0000594124
       -0.0127626703  -0.1506531472  -0.3704391786   0.0740027320
        0.0005924732   0.0007451226  -0.0000603625   0.0012238618  -0.0006927752
        0.0004650041  -0.0010841765   0.0001506602   0.0005911263   0.0138398465
       -0.0062952027   0.0011000013   0.0000316190   0.0005084124  -0.0010218278
        0.0652497022  -0.0470744533  -0.1248658267  -0.1424930668   0.0317175805
        0.1940300183   0.0001403768   0.0000882041   0.0000477659  -0.0000897409
        0.0000282556   0.0000408873  -0.0000211717  -0.0000954399   0.0000059905
       -0.0016258148  -0.0027957704   0.0034809257   0.0205754168  -0.0280459073
       -0.0363030092   0.0436606747   0.0517613135  -0.0375106933
       -0.2621408913   0.0907296497  -0.0772193086  -0.0038790961   0.0007001618
       -0.0001075935  -0.0003898178  -0.0015131568  -0.0007526525  -0.0048440432
       -0.0004643898  -0.0011847728  -0.0172558380   0.0099460672  -0.0068860725
       -0.0002804240   0.0005837871  -0.0005841680  -0.0002883761   0.0001152135
        0.0001403768   0.2884931389  -0.1002581601   0.0864998350   0.0001754775
       -0.0001465063   0.0001606454   0.0004156328   0.0003404199   0.0000067161
        0.0001150565   0.0000867510  -0.0000018364  -0.0002245070  -0.0000321434
       -0.0000177290   0.0001036877  -0.0000876939  -0.0000534398
        0.0898288231  -0.0768014872   0.0356861755   0.0208931429  -0.0065021662
        0.0037782677   0.0044966334  -0.0035451600   0.0064356290  -0.0038590641
       -0.0010008775   0.0020701868  -0.0107110422   0.0055953308  -0.0051336657
       -0.0002047984   0.0005589371  -0.0002004343  -0.0002247745   0.0000804035
        0.0000882041  -0.1002581601   0.0813050409  -0.0420814006   0.0002077055
        0.0000429706  -0.0001772948  -0.0000570558   0.0001487639  -0.0003941823
        0.0000710801   0.0000685314  -0.0000293166  -0.0001269694  -0.0000026979
       -0.0000633876  -0.0000555204   0.0000524105   0.0000212188
       -0.0768549219   0.0357604937  -0.0567618089  -0.0093493216   0.0007301642
       -0.0069733030  -0.0034592289   0.0055212119   0.0060473896   0.0001315305
        0.0025021283   0.0036649016   0.0026348470  -0.0019200376  -0.0007588694
        0.0001637300   0.0000410535   0.0004404997  -0.0002035656   0.0000416086
        0.0000477659   0.0864998350  -0.0420814006   0.0550781504   0.0000032278
       -0.0002308338  -0.0003307601   0.0001979885  -0.0003333321  -0.0005199537
       -0.0000181117  -0.0000165455   0.0000154532   0.0002309143   0.0000070594
        0.0000614410   0.0000230765  -0.0000215701  -0.0000109064
        0.0042621722   0.0039682521  -0.0006163749  -0.1354988913  -0.1256804345
        0.0392874648  -0.0238177488  -0.0227158503   0.0076232827  -0.0056244433
       -0.0001088714  -0.0014240535  -0.0002574813   0.0014660495  -0.0018654940
       -0.0005888510  -0.0014047258   0.0003097470   0.0001397802   0.0000012452
       -0.0000897409   0.0001754775   0.0002077055   0.0000032278   0.1609392984
        0.1441773279  -0.0432070034   0.0004340148   0.0001872153  -0.0000962769
       -0.0004132205   0.0000199451  -0.0000122349   0.0001386976  -0.0000245992
        0.0001219442   0.0001111955  -0.0000932593  -0.0000344881
       -0.0147186617  -0.0144754128   0.0026786305  -0.1279908397  -0.2023679265
        0.0613792352  -0.0010299163   0.0012475851  -0.0033966576   0.0012739230
        0.0002494089   0.0017694130  -0.0004978012  -0.0029703649   0.0045602325
        0.0000386461   0.0003204801   0.0004059885  -0.0002021102   0.0000317120
        0.0000282556  -0.0001465063   0.0000429706  -0.0002308338   0.1441773279
        0.2179911549  -0.0672865659  -0.0011362051  -0.0001536447   0.0001464110
        0.0001525025   0.0000455775  -0.0000419299   0.0000475744   0.0000409320
       -0.0000126887   0.0000320666  -0.0000024721   0.0000005096
        0.0079252344   0.0057126324  -0.0048252705   0.0403165716   0.0615919296
       -0.0438729033  -0.0024976520  -0.0069173590  -0.0031737210  -0.0016137185
        0.0016117841   0.0026840587  -0.0010513609   0.0048552158   0.0049709639
       -0.0004023427   0.0003559252   0.0010062649  -0.0003030644  -0.0000703003
        0.0000408873   0.0001606454  -0.0001772948  -0.0003307601  -0.0432070034
       -0.0672865659   0.0430836456   0.0004937953   0.0003487290   0.0004514181
        0.0000317088  -0.0000886519  -0.0000291847   0.0000887327   0.0000516756
        0.0000227567   0.0000584535   0.0000122805  -0.0000281555
       -0.0016758256  -0.0210328744   0.0096754958  -0.0044746542  -0.0040696586
        0.0004256061  -0.0019716825   0.0052992481  -0.0040648413   0.0043356106
        0.0152356956  -0.0055349039  -0.0507948861  -0.0486897169   0.0187883210
        0.0004579406   0.0005637109  -0.0000131886   0.0000659148  -0.0001374107
       -0.0000211717   0.0004156328  -0.0000570558   0.0001979885   0.0004340148
       -0.0011362051   0.0004937953   0.0534610144   0.0541926684  -0.0199344549
       -0.0002438458   0.0001036778  -0.0001202671  -0.0000060074  -0.0001692592
        0.0001218155  -0.0000032263  -0.0001028200  -0.0000141948
       -0.0002803546  -0.0088333682   0.0029906451  -0.0005310667  -0.0013019637
        0.0027106578  -0.0010238998  -0.0025616649   0.0050204399  -0.0048231773
       -0.0146013568   0.0035429928  -0.0477070645  -0.2718521863   0.1041318643
       -0.0004126250  -0.0000513012  -0.0002237347  -0.0001205258   0.0000421179
       -0.0000954399   0.0003404199   0.0001487639  -0.0003333321   0.0001872153
       -0.0001536447   0.0003487290   0.0541926684   0.2986233947  -0.1180309713
        0.0003615957   0.0002466505   0.0000163852  -0.0001496982   0.0001683829
       -0.0001345406  -0.0000334874   0.0001261758   0.0000563046
        0.0002098875  -0.0001536854  -0.0020225737  -0.0011671170   0.0021017969
        0.0036987868  -0.0011973448   0.0058050918   0.0059546588   0.0033938923
        0.0067448973  -0.0077808197   0.0184863647   0.1040456002  -0.0729767967
        0.0003267393   0.0000896112  -0.0001903849   0.0000420684  -0.0001733134
        0.0000059905   0.0000067161  -0.0003941823  -0.0005199537  -0.0000962769
        0.0001464110   0.0004514181  -0.0199344549  -0.1180309713   0.0732883735
       -0.0002327534  -0.0000566605   0.0000803215   0.0001347668  -0.0000318959
        0.0000267887   0.0000275120  -0.0000926997  -0.0000158092
        0.0001537562  -0.0001469576   0.0000175582  -0.0007159567  -0.0010023414
        0.0004245923  -0.0068714718  -0.0014656840  -0.0013312140  -0.0122216614
       -0.0264126178   0.0075404517   0.0012417106  -0.0008725409   0.0008120156
       -0.0665874582  -0.0716932324   0.0171484180   0.0045303141   0.0153719053
       -0.0016258148   0.0001150565   0.0000710801  -0.0000181117  -0.0004132205
        0.0001525025   0.0000317088  -0.0002438458   0.0003615957  -0.0002327534
        0.0779171231   0.0766123603  -0.0222543863   0.0034359976   0.0064141463
       -0.0024262909  -0.0003403437   0.0026097841   0.0019138266
        0.0001947252   0.0000567623   0.0000620301   0.0005736093  -0.0003213851
        0.0001696026  -0.0012147137   0.0006705080  -0.0000878643  -0.0049779627
       -0.0059351139   0.0024092739   0.0008380105   0.0006461184  -0.0002836240
       -0.0696060851  -0.2350091071   0.0541866887  -0.0018925709  -0.0300271021
       -0.0027957704   0.0000867510   0.0000685314  -0.0000165455   0.0000199451
        0.0000455775  -0.0000886519   0.0001036778   0.0002466505  -0.0000566605
        0.0766123603   0.2821663997  -0.0568098423  -0.0035611868  -0.0095706932
        0.0060843555   0.0028234400  -0.0030371465  -0.0027729920
        0.0000233822  -0.0000674573   0.0000984306  -0.0004640490   0.0000051024
        0.0000145021  -0.0007349312  -0.0000290266   0.0009043800  -0.0007305375
       -0.0031113657   0.0012566415   0.0001212035  -0.0004576261  -0.0000850140
        0.0180565146   0.0589632840  -0.0590755396  -0.0045879851  -0.0219573483
        0.0034809257  -0.0000018364  -0.0000293166   0.0000154532  -0.0000122349
       -0.0000419299  -0.0000291847  -0.0001202671   0.0000163852   0.0000803215
       -0.0222543863  -0.0568098423   0.0650584225   0.0086911998   0.0276701735
       -0.0104058688   0.0020139273  -0.0041510323  -0.0013134699
       -0.0015266992  -0.0000817506   0.0013292059  -0.0018880068   0.0011374515
       -0.0004402592   0.0030608628   0.0006490890   0.0002261139  -0.0185056802
        0.0093449105  -0.0302664589  -0.0021291617  -0.0021350293  -0.0012116282
       -0.0524485917   0.0087352349  -0.0524835350   0.0025903242   0.0025276659
        0.0205754168  -0.0002245070  -0.0001269694   0.0002309143   0.0001386976
        0.0000475744   0.0000887327  -0.0000060074  -0.0001496982   0.0001347668
        0.0034359976  -0.0035611868   0.0086911998   0.0670327629  -0.0163602317
        0.0535477527   0.0004700088  -0.0000270603  -0.0004222216
        0.0000232663   0.0000987570  -0.0002813319  -0.0000118121  -0.0000005902
        0.0000017876  -0.0000463816   0.0002644220  -0.0000493027   0.0010347663
        0.0017930212  -0.0012241704  -0.0003511862   0.0003194946  -0.0000062853
        0.0075743892  -0.0554331211   0.0504056848   0.0024998340   0.0000594124
       -0.0280459073  -0.0000321434  -0.0000026979   0.0000070594  -0.0000245992
        0.0000409320   0.0000516756  -0.0001692592   0.0001683829  -0.0000318959
        0.0064141463  -0.0095706932   0.0276701735  -0.0163602317   0.0616731947
       -0.0466054916  -0.0005507887   0.0005894857  -0.0018919960
       -0.0000755405   0.0001224638   0.0003632133   0.0001021531   0.0002161157
       -0.0000504356   0.0006568399  -0.0004383166   0.0007805664  -0.0089908186
        0.0047177065  -0.0071927249  -0.0006250203  -0.0009122565  -0.0004405735
       -0.0520780925   0.0495299914  -0.2168156407   0.0095615516  -0.0127626703
       -0.0363030092  -0.0000177290  -0.0000633876   0.0000614410   0.0001219442
       -0.0000126887   0.0000227567   0.0001218155  -0.0001345406   0.0000267887
       -0.0024262909   0.0060843555  -0.0104058688   0.0535477527  -0.0466054916
        0.2692465948   0.0001014347   0.0002587191   0.0007068919
       -0.0000681551  -0.0003027874   0.0001306486  -0.0008902616   0.0003172551
       -0.0001691939   0.0010117409  -0.0014293129   0.0000807568   0.0015627513
        0.0028696237  -0.0011826936   0.0001867828   0.0001436440   0.0001898392
        0.0053794076   0.0187210320  -0.0045138516  -0.0787801326  -0.1506531472
        0.0436606747   0.0001036877  -0.0000555204   0.0000230765   0.0001111955
        0.0000320666   0.0000584535  -0.0000032263  -0.0000334874   0.0000275120
       -0.0003403437   0.0028234400   0.0020139273   0.0004700088  -0.0005507887
        0.0001014347   0.0712565448   0.1281179826  -0.0404205844
       -0.0002598424  -0.0000102323  -0.0000806458  -0.0001676581   0.0002901631
       -0.0003137501   0.0007842836   0.0004982108   0.0001516090   0.0002614549
       -0.0001646811   0.0006315608  -0.0000617975  -0.0002347745   0.0000606417
       -0.0032125339  -0.0265328374  -0.0014375049  -0.1277608398  -0.3704391786
        0.0517613135  -0.0000876939   0.0000524105  -0.0000215701  -0.0000932593
       -0.0000024721   0.0000122805  -0.0001028200   0.0001261758  -0.0000926997
        0.0026097841  -0.0030371465  -0.0041510323  -0.0000270603   0.0005894857
        0.0002587191   0.1281179826   0.3988648765  -0.0467789216
       -0.0001150271   0.0002227158  -0.0001280770   0.0003056311  -0.0001478464
        0.0001550908  -0.0004021060   0.0005801238  -0.0004647707   0.0008550733
       -0.0002931101   0.0011296117  -0.0003012890   0.0001031993  -0.0001829009
       -0.0095924714  -0.0231019378   0.0020403105   0.0482812913   0.0740027320
       -0.0375106933  -0.0000534398   0.0000212188  -0.0000109064  -0.0000344881
        0.0000005096  -0.0000281555  -0.0000141948   0.0000563046  -0.0000158092
        0.0019138266  -0.0027729920  -0.0013134699  -0.0004222216  -0.0018919960
        0.0007068919  -0.0404205844  -0.0467789216   0.0356228778
