           1           2   1.61545130577398     
           2           3   1.13300676827452     
           2           4  0.146308786854406     
           3           4   1.11290967045554     
           1           5   1.28839922411488     
           4           5   1.58634531103753     
           4           6   1.00108353482543     
           6           7  0.994199731199567     
           1           8  0.974713554609182     
           2           9  0.966820985384498     
           5          10  0.974608974407335     
           6          11  0.970521799544480     
           6          12  0.959586504283979     
           7          13  0.898826100489721     
