$hessian                                                                        
        0.4881387347   0.0217759041   0.0013891125  -0.2043907266   0.0539331895
        0.0349979129  -0.0093704989   0.0053565504   0.0019648464  -0.0010307921
        0.0005359203   0.0017293844  -0.0039393430  -0.0010935752   0.0013521279
       -0.0294716222   0.0014579911   0.0053498501  -0.0009237121   0.0006339301
        0.0003957781  -0.0401750255  -0.0048984881  -0.0042605296  -0.0642908422
        0.0426623094  -0.0539989846  -0.1344243202  -0.1196354783   0.0110278702
        0.0004042866  -0.0005750921  -0.0001904362  -0.0003217580  -0.0000431822
        0.0001785373  -0.0002791144  -0.0001889776   0.0000649715  -0.0000024051
        0.0000383653  -0.0000705241   0.0000771390   0.0000406333   0.0000700832
        0.0217759041   0.5183511933  -0.0025033269   0.0534073316  -0.0843809960
       -0.0131668150   0.0222992518  -0.0072511714  -0.0050108232   0.0024571910
       -0.0034342138  -0.0012079620  -0.0001222142  -0.0054513964  -0.0005333461
       -0.0236174567   0.0089733049   0.0057946660  -0.0009988451   0.0005668849
        0.0001923562  -0.0028788360  -0.1019009427  -0.1027240031   0.0447118374
       -0.1297775271   0.1049463975  -0.1184897920  -0.1966021163   0.0144804659
        0.0003861691   0.0003482136  -0.0000339687   0.0012065296   0.0004315845
       -0.0002615275  -0.0003619026  -0.0000973781   0.0000622979   0.0000986675
        0.0001213039  -0.0001183909   0.0001261645   0.0001032568   0.0000839799
        0.0013891125  -0.0025033269   0.4875197543   0.0349467420  -0.0133323808
       -0.0614429686   0.0031252330  -0.0014881700  -0.0023547476   0.0018470435
       -0.0008124316   0.0067433468   0.0014040433  -0.0003325011   0.0025295214
        0.0037444744   0.0006099184  -0.0048786309   0.0002861255  -0.0001460018
        0.0007153206  -0.0012992874  -0.1031480133  -0.2182127792  -0.0567176956
        0.1062301376  -0.1661943350   0.0110935375   0.0147269246  -0.0446801041
       -0.0001339358   0.0001680326  -0.0003108081   0.0002615831   0.0000015011
        0.0004923152   0.0000459650   0.0000290595   0.0000516254  -0.0001251711
       -0.0000026297   0.0000470559   0.0001322300  -0.0000001185  -0.0000245660
       -0.2043907266   0.0534073316   0.0349467420   0.6378383256  -0.1269771549
       -0.1123102578  -0.1169112815   0.1256807946   0.0232391573  -0.0407392864
        0.0160925997   0.0103719807  -0.0683067182  -0.0018210150   0.0162095569
       -0.1556671764  -0.0688460646   0.0157919484  -0.0041760160   0.0001500773
        0.0014695752  -0.0057309252   0.0069766308   0.0070890941  -0.0171118388
        0.0110889717  -0.0006795803  -0.0216025546   0.0018800853   0.0046308688
        0.0046516666  -0.0141369326  -0.0030942213  -0.0052497862  -0.0022083130
        0.0018677608  -0.0006393858  -0.0011199093   0.0001070778  -0.0009880510
       -0.0001505122   0.0004432527  -0.0009762456  -0.0000165892  -0.0000829554
        0.0539331895  -0.0843809960  -0.0133323808  -0.1269771549   0.6556745788
        0.0606935893   0.0934839920  -0.3588197759  -0.0402837412   0.0737057076
        0.0158926670  -0.0145816165  -0.0125150726  -0.0126324443   0.0011519481
       -0.1083612120  -0.1762998035   0.0146478995   0.0011032534  -0.0051650909
       -0.0007484576   0.0187929518  -0.0083721763  -0.0079233569   0.0231385473
       -0.0099380066  -0.0020867230  -0.0225175727   0.0055933427   0.0050836852
        0.0080611935  -0.0185258516  -0.0025154644   0.0012621064  -0.0012864362
       -0.0006299221   0.0011517466  -0.0003688868  -0.0002659166  -0.0019677826
       -0.0007314753   0.0010614658  -0.0022938934  -0.0006396451  -0.0002710088
        0.0349979129  -0.0131668150  -0.0614429686  -0.1123102578   0.0606935893
        0.1659887352   0.0211578959  -0.0469568369  -0.0526987449   0.0141873560
       -0.0025446221   0.0009405635   0.0154858621  -0.0011678507   0.0066954125
        0.0131810678   0.0064950685  -0.0600651252   0.0015382179  -0.0005567914
        0.0024909555   0.0261059132  -0.0108129211  -0.0064461570  -0.0181497063
        0.0056988039   0.0064863290   0.0030002974  -0.0000138600  -0.0006435392
       -0.0016369917   0.0021000640  -0.0052956700   0.0020996915   0.0000799508
        0.0040140272   0.0002477189   0.0001966498   0.0001565839  -0.0002455216
       -0.0002197806  -0.0000505838   0.0003405438   0.0001753515  -0.0001298180
       -0.0093704989   0.0222992518   0.0031252330  -0.1169112815   0.0934839920
        0.0211578959   0.5668629739   0.0821673295  -0.0908346132  -0.2761979231
        0.0031038464   0.0477935021  -0.0204150702  -0.0820545038  -0.0003843573
       -0.0142375861   0.0063042987   0.0053667187  -0.0004875046  -0.0021258538
        0.0014280275  -0.0013613740   0.0008641040  -0.0006405506  -0.0016701049
        0.0010645838   0.0011488787   0.0012787476   0.0005662228  -0.0002864535
       -0.1114049803  -0.1209598485   0.0095118212  -0.0136458851  -0.0030805915
        0.0021376442   0.0001976193  -0.0001473510  -0.0000480206  -0.0015343926
       -0.0009870095   0.0004199565  -0.0011027394  -0.0004984709   0.0001043174
        0.0053565504  -0.0072511714  -0.0014881700   0.1256807946  -0.3588197759
       -0.0469568369   0.0821673295   0.7977965746   0.0289214856  -0.0494453961
       -0.0906974527   0.0074206361  -0.0244876992  -0.0077955874   0.0043017388
       -0.0342131928  -0.0833617103   0.0009852057  -0.0002169557  -0.0040800541
       -0.0007101886  -0.0006001366   0.0006731927   0.0009339411  -0.0006931556
        0.0006690383  -0.0005210972  -0.0012804970   0.0010173782   0.0003469447
       -0.1221999913  -0.2521987591   0.0105061704   0.0195406300   0.0039686671
       -0.0036568401   0.0002346919   0.0001429240  -0.0000357070   0.0000409239
        0.0000797835  -0.0005754152   0.0001161040  -0.0001430476   0.0005281326
        0.0019648464  -0.0050108232  -0.0023547476   0.0232391573  -0.0402837412
       -0.0526987449  -0.0908346132   0.0289214856   0.1248932215   0.0442989863
       -0.0035231918  -0.0569424418   0.0034630748   0.0163134739   0.0044286598
        0.0026804718  -0.0074516251   0.0083109865   0.0015773696  -0.0003086439
        0.0068366787   0.0017404099  -0.0008915812  -0.0006683324  -0.0013940483
        0.0006420369  -0.0003667361  -0.0003896263  -0.0000358945  -0.0001126861
        0.0094201790   0.0102425049  -0.0284625921   0.0036573839   0.0010578414
       -0.0029767548  -0.0000414123   0.0000453457  -0.0000645015  -0.0008100872
       -0.0009755662   0.0001847028   0.0014279081   0.0012583787  -0.0000067119
       -0.0010307921   0.0024571910   0.0018470435  -0.0407392864   0.0737057076
        0.0141873560  -0.2761979231  -0.0494453961   0.0442989863   0.6052927545
       -0.1040850777  -0.1111718101  -0.0832578917  -0.0379882502   0.0054225095
       -0.0223209076   0.0051105121   0.0069264524  -0.0038005556  -0.0216735570
       -0.0009442735  -0.0016519603   0.0005857348   0.0004379516  -0.0010943321
        0.0002502469   0.0002832472   0.0002230164   0.0001576090  -0.0000441822
       -0.0096068980   0.0000137569   0.0015052319  -0.1642612514   0.1342300580
        0.0374512529   0.0011305078  -0.0004860417  -0.0003406689  -0.0011917988
       -0.0011382746  -0.0006289707  -0.0014926816  -0.0016942191   0.0007698740
        0.0005359203  -0.0034342138  -0.0008124316   0.0160925997   0.0158926670
       -0.0025446221   0.0031038464  -0.0906974527  -0.0035231918  -0.1040850777
        0.7527617514   0.0646794904  -0.0701982277  -0.3983834787  -0.0088252098
        0.0456984694  -0.0738071475  -0.0150394788  -0.0047253758  -0.0137919428
        0.0001831013  -0.0002124183  -0.0000376306   0.0006140687  -0.0006086229
        0.0001465769  -0.0004541147  -0.0002046484   0.0001237299   0.0000573262
       -0.0226082857  -0.0007379403   0.0047982786   0.1354747734  -0.1902113079
       -0.0389861516   0.0013426843   0.0012113203  -0.0001926384  -0.0000746242
        0.0004674117  -0.0008423701   0.0004689872   0.0004976571   0.0008879439
        0.0017293844  -0.0012079620   0.0067433468   0.0103719807  -0.0145816165
        0.0009405635   0.0477935021   0.0074206361  -0.0569424418  -0.1111718101
        0.0646794904   0.1314928487   0.0032399873  -0.0155025163  -0.0468933347
        0.0096816954  -0.0065685838   0.0069221308   0.0001312983   0.0036926250
       -0.0013946326  -0.0010113925   0.0007399443   0.0004392506   0.0015864401
       -0.0009255188  -0.0002856761  -0.0000744855  -0.0000191215  -0.0000595515
        0.0000201836   0.0000994853  -0.0022842395   0.0375025735  -0.0387386020
       -0.0375563880  -0.0001847890   0.0001937536  -0.0001372354   0.0015433521
        0.0014456572  -0.0006202751  -0.0011579203  -0.0007276711  -0.0003643657
       -0.0039393430  -0.0001222142   0.0014040433  -0.0683067182  -0.0125150726
        0.0154858621  -0.0204150702  -0.0244876992   0.0034630748  -0.0832578917
       -0.0701982277   0.0032399873   0.5851096919   0.1282609837  -0.0844466280
       -0.1905570413   0.0612874690   0.0317231221  -0.1773896060  -0.0769567502
        0.0206681725  -0.0013836948  -0.0001018772   0.0006656087  -0.0014117196
       -0.0001239584  -0.0001432307  -0.0006125955   0.0010494865   0.0002444941
       -0.0052088702   0.0010608224   0.0020827305   0.0024666667   0.0187427061
       -0.0004692080  -0.0243994222  -0.0089332051   0.0045232126  -0.0002846655
       -0.0059822536   0.0042640997  -0.0104097205  -0.0109802095  -0.0027053411
       -0.0010935752  -0.0054513964  -0.0003325011  -0.0018210150  -0.0126324443
       -0.0011678507  -0.0820545038  -0.0077955874   0.0163134739  -0.0379882502
       -0.3983834787  -0.0155025163   0.1282609837   0.7173278347   0.0117605943
        0.1006995532  -0.1353380899  -0.0261277243  -0.0774989108  -0.1160191874
        0.0120114660   0.0018359640  -0.0001717268  -0.0009965934   0.0020404942
       -0.0002072020   0.0001985737  -0.0012240638  -0.0004051903   0.0002105694
       -0.0023969894  -0.0013514610   0.0001105294  -0.0034494601  -0.0159406175
        0.0000369244   0.0154772700   0.0088769457  -0.0026721539  -0.0208153375
       -0.0174144385   0.0076567665  -0.0199721593  -0.0150939601  -0.0014995580
        0.0013521279  -0.0005333461   0.0025295214   0.0162095569   0.0011519481
        0.0066954125  -0.0003843573   0.0043017388   0.0044286598   0.0054225095
       -0.0088252098  -0.0468933347  -0.0844466280   0.0117605943   0.1569606142
        0.0343325723  -0.0179658103  -0.0660964532   0.0206664298   0.0118400486
       -0.0567918162   0.0000552960   0.0001479763  -0.0002005874   0.0007532396
       -0.0001119628  -0.0001194466   0.0000813559  -0.0002633866   0.0001596757
        0.0018504813  -0.0006112866   0.0040183421  -0.0019406029  -0.0045789620
       -0.0056742665   0.0061062772   0.0024420021  -0.0011380900   0.0200240593
        0.0140852291  -0.0028322925  -0.0200823173  -0.0128395728   0.0049540613
       -0.0294716222  -0.0236174567   0.0037444744  -0.1556671764  -0.1083612120
        0.0131810678  -0.0142375861  -0.0342131928   0.0026804718  -0.0223209076
        0.0456984694   0.0096816954  -0.1905570413   0.1006995532   0.0343325723
        0.4479199932   0.0050409770  -0.0755140445  -0.0320836280   0.0141403033
        0.0068051605   0.0023982812  -0.0007075180  -0.0009173865   0.0025352675
       -0.0006462765  -0.0000483741  -0.0069935827   0.0016816163   0.0016949680
       -0.0000305338  -0.0021705482   0.0017442893   0.0001544345   0.0033492523
        0.0020867347  -0.0058977239  -0.0032657564   0.0011057431   0.0020745082
        0.0012761510  -0.0005926636   0.0021773176   0.0010956380   0.0000152915
        0.0014579911   0.0089733049   0.0006099184  -0.0688460646  -0.1762998035
        0.0064950685   0.0063042987  -0.0833617103  -0.0074516251   0.0051105121
       -0.0738071475  -0.0065685838   0.0612874690  -0.1353380899  -0.0179658103
        0.0050409770   0.4612547508   0.0240630901  -0.0108975673   0.0120701442
        0.0033037672  -0.0004199215   0.0000380422   0.0005866075  -0.0006467302
        0.0000903808  -0.0004755059   0.0020357810   0.0005759471  -0.0004578682
        0.0042908359  -0.0070955196  -0.0019725023  -0.0031181243  -0.0073332199
       -0.0004499948  -0.0036186387  -0.0007165750   0.0006744810   0.0008672416
        0.0005037595  -0.0008150076   0.0011519402   0.0004457361   0.0004239655
        0.0053498501   0.0057946660  -0.0048786309   0.0157919484   0.0146478995
       -0.0600651252   0.0053667187   0.0009852057   0.0083109865   0.0069264524
       -0.0150394788   0.0069221308   0.0317231221  -0.0261277243  -0.0660964532
       -0.0755140445   0.0240630901   0.1006704218   0.0050957632  -0.0018671665
       -0.0053426402  -0.0003515448  -0.0000417714   0.0006654375  -0.0005688308
        0.0002778851   0.0004616172   0.0017567497  -0.0003663841   0.0004065846
        0.0021903093  -0.0006248278   0.0086487073   0.0016602792  -0.0017853626
        0.0086789572   0.0011441866   0.0005859426   0.0006063226  -0.0002322934
       -0.0000880072   0.0005360292  -0.0003386663  -0.0004139663   0.0004756548
       -0.0009237121  -0.0009988451   0.0002861255  -0.0041760160   0.0011032534
        0.0015382179  -0.0004875046  -0.0002169557   0.0015773696  -0.0038005556
       -0.0047253758   0.0001312983  -0.1773896060  -0.0774989108   0.0206664298
       -0.0320836280  -0.0108975673   0.0050957632   0.4979116589  -0.0256296321
       -0.0037859818   0.0000260025  -0.0000468143  -0.0001050505   0.0001148595
       -0.0000586736   0.0000718163  -0.0003788829   0.0001228977   0.0001028957
       -0.0000569775  -0.0000766418   0.0001263415   0.0003566357   0.0006004563
       -0.0001092661  -0.1830827724   0.1174659274   0.0368747191  -0.0450470596
        0.0229473090  -0.0241779038  -0.0509824420  -0.0220904275  -0.0382927748
        0.0006339301   0.0005668849  -0.0001460018   0.0001500773  -0.0051650909
       -0.0005567914  -0.0021258538  -0.0040800541  -0.0003086439  -0.0216735570
       -0.0137919428   0.0036926250  -0.0769567502  -0.1160191874   0.0118400486
        0.0141403033   0.0120701442  -0.0018671665  -0.0256296321   0.5068939130
        0.0065687690  -0.0000940101   0.0000696231   0.0001057126  -0.0001471070
        0.0000677669  -0.0000495000   0.0002868816   0.0000243878  -0.0000589337
       -0.0013306713   0.0001224078   0.0002547409  -0.0003626386   0.0004018915
        0.0001176423   0.1163172853  -0.1395770448  -0.0305606063   0.0204542988
       -0.1353166452   0.1138365617  -0.0236625564  -0.1062670542  -0.1028684566
        0.0003957781   0.0001923562   0.0007153206   0.0014695752  -0.0007484576
        0.0024909555   0.0014280275  -0.0007101886   0.0068366787  -0.0009442735
        0.0001831013  -0.0013946326   0.0206681725   0.0120114660  -0.0567918162
        0.0068051605   0.0033037672  -0.0053426402  -0.0037859818   0.0065687690
        0.4892010731  -0.0001421631  -0.0000147587   0.0000630623   0.0001028113
        0.0000441784  -0.0000348353   0.0001091194  -0.0000284261   0.0000350066
        0.0000387280  -0.0000123275   0.0005410120  -0.0001724729  -0.0000787831
       -0.0003144291   0.0367891541  -0.0308202621  -0.0530550044  -0.0217574547
        0.1148272648  -0.1799305420  -0.0410041805  -0.1047176992  -0.2030192090
       -0.0401750255  -0.0028788360  -0.0012992874  -0.0057309252   0.0187929518
        0.0261059132  -0.0013613740  -0.0006001366   0.0017404099  -0.0016519603
       -0.0002124183  -0.0010113925  -0.0013836948   0.0018359640   0.0000552960
        0.0023982812  -0.0004199215  -0.0003515448   0.0000260025  -0.0000940101
       -0.0001421631   0.0482749206  -0.0005284989   0.0018431576   0.0006846890
       -0.0043293342  -0.0095637403  -0.0007847396  -0.0113474926  -0.0171328765
       -0.0000749479  -0.0000711869  -0.0000550154  -0.0002022712  -0.0000900990
       -0.0001513818   0.0000725398  -0.0000049651  -0.0000276644   0.0000130434
       -0.0000064643   0.0000203227  -0.0001045379  -0.0000455522  -0.0000300331
       -0.0048984881  -0.1019009427  -0.1031480133   0.0069766308  -0.0083721763
       -0.0108129211   0.0008641040   0.0006731927  -0.0008915812   0.0005857348
       -0.0000376306   0.0007399443  -0.0001018772  -0.0001717268   0.0001479763
       -0.0007075180   0.0000380422  -0.0000417714  -0.0000468143   0.0000696231
       -0.0000147587  -0.0005284989   0.1165817244   0.1210335274   0.0009492942
        0.0088130872   0.0165916929  -0.0030751248  -0.0159180499  -0.0235937463
       -0.0000930045   0.0001703075  -0.0000740095   0.0000707918   0.0000431388
        0.0000529436  -0.0000254900  -0.0000126028   0.0000032384   0.0000032004
        0.0000050422  -0.0000073399   0.0000270598   0.0000189712   0.0000148186
       -0.0042605296  -0.1027240031  -0.2182127792   0.0070890941  -0.0079233569
       -0.0064461570  -0.0006405506   0.0009339411  -0.0006683324   0.0004379516
        0.0006140687   0.0004392506   0.0006656087  -0.0009965934  -0.0002005874
       -0.0009173865   0.0005866075   0.0006654375  -0.0001050505   0.0001057126
        0.0000630623   0.0018431576   0.1210335274   0.2516698225  -0.0031506146
       -0.0108312329  -0.0278283849  -0.0010360957  -0.0010816417   0.0003840268
        0.0000012783   0.0001385447   0.0000335570   0.0000211859   0.0000771669
        0.0000854810  -0.0000599112  -0.0000045511   0.0000145866   0.0000172669
        0.0000226182  -0.0000644437   0.0000945958   0.0000491921   0.0000654605
       -0.0642908422   0.0447118374  -0.0567176956  -0.0171118388   0.0231385473
       -0.0181497063  -0.0016701049  -0.0006931556  -0.0013940483  -0.0010943321
       -0.0006086229   0.0015864401  -0.0014117196   0.0020404942   0.0007532396
        0.0025352675  -0.0006467302  -0.0005688308   0.0001148595  -0.0001471070
        0.0001028113   0.0006846890   0.0009492942  -0.0031506146   0.0765013508
       -0.0559859536   0.0633687130   0.0059167399  -0.0124117585   0.0138325338
       -0.0000409742  -0.0001231906   0.0000711367  -0.0001124320  -0.0001383143
        0.0002205938   0.0000951025  -0.0000048138  -0.0000070924  -0.0001012739
       -0.0000714863   0.0000951298  -0.0000144915  -0.0000090402  -0.0000426100
        0.0426623094  -0.1297775271   0.1062301376   0.0110889717  -0.0099380066
        0.0056988039   0.0010645838   0.0006690383   0.0006420369   0.0002502469
        0.0001465769  -0.0009255188  -0.0001239584  -0.0002072020  -0.0001119628
       -0.0006462765   0.0000903808   0.0002778851  -0.0000586736   0.0000677669
        0.0000441784  -0.0043293342   0.0088130872  -0.0108312329  -0.0559859536
        0.1490652218  -0.1219099067   0.0060891787  -0.0191803667   0.0208490617
       -0.0000538566   0.0001726009   0.0001272265   0.0000378861   0.0000591059
       -0.0000755295  -0.0000294848  -0.0000137884   0.0000068190   0.0000232645
        0.0000269235  -0.0000329873   0.0000110965   0.0000061887   0.0000109889
       -0.0539989846   0.1049463975  -0.1661943350  -0.0006795803  -0.0020867230
        0.0064863290   0.0011488787  -0.0005210972  -0.0003667361   0.0002832472
       -0.0004541147  -0.0002856761  -0.0001432307   0.0001985737  -0.0001194466
       -0.0000483741  -0.0004755059   0.0004616172   0.0000718163  -0.0000495000
       -0.0000348353  -0.0095637403   0.0165916929  -0.0278283849   0.0633687130
       -0.1219099067   0.1909472777  -0.0004974427   0.0039052096  -0.0030538512
        0.0000241903  -0.0000794599  -0.0000030794   0.0000667678  -0.0000285847
       -0.0000205624   0.0000243501   0.0000027179  -0.0000081717  -0.0000188815
       -0.0000285301   0.0000549194  -0.0000377293  -0.0000111692  -0.0000350646
       -0.1344243202  -0.1184897920   0.0110935375  -0.0216025546  -0.0225175727
        0.0030002974   0.0012787476  -0.0012804970  -0.0003896263   0.0002230164
       -0.0002046484  -0.0000744855  -0.0006125955  -0.0012240638   0.0000813559
       -0.0069935827   0.0020357810   0.0017567497  -0.0003788829   0.0002868816
        0.0001091194  -0.0007847396  -0.0030751248  -0.0010360957   0.0059167399
        0.0060891787  -0.0004974427   0.1571678636   0.1376740706  -0.0140596502
        0.0000360326   0.0005837653   0.0000450024   0.0001556867   0.0000510920
       -0.0000319242  -0.0001269203  -0.0000221948   0.0000256549   0.0000615801
        0.0000493348  -0.0000518890   0.0000839289   0.0000437895   0.0000293966
       -0.1196354783  -0.1966021163   0.0147269246   0.0018800853   0.0055933427
       -0.0000138600   0.0005662228   0.0010173782  -0.0000358945   0.0001576090
        0.0001237299  -0.0000191215   0.0010494865  -0.0004051903  -0.0002633866
        0.0016816163   0.0005759471  -0.0003663841   0.0001228977   0.0000243878
       -0.0000284261  -0.0113474926  -0.0159180499  -0.0010816417  -0.0124117585
       -0.0191803667   0.0039052096   0.1376740706   0.2245989086  -0.0167778389
        0.0001923243   0.0000915097  -0.0000411192   0.0000320159   0.0000517115
       -0.0000006431  -0.0000140946   0.0000295725   0.0000045728   0.0000254922
        0.0000007905  -0.0000118032   0.0000270034  -0.0000015552   0.0000034121
        0.0110278702   0.0144804659  -0.0446801041   0.0046308688   0.0050836852
       -0.0006435392  -0.0002864535   0.0003469447  -0.0001126861  -0.0000441822
        0.0000573262  -0.0000595515   0.0002444941   0.0002105694   0.0001596757
        0.0016949680  -0.0004578682   0.0004065846   0.0001028957  -0.0000589337
        0.0000350066  -0.0171328765  -0.0235937463   0.0003840268   0.0138325338
        0.0208490617  -0.0030538512  -0.0140596502  -0.0167778389   0.0475119766
        0.0000227541  -0.0001206983   0.0000640215  -0.0000345237  -0.0000057283
       -0.0000145434   0.0000267436   0.0000060513  -0.0000005916  -0.0000231941
       -0.0000120516   0.0000124138  -0.0000022481  -0.0000072389  -0.0000088385
        0.0004042866   0.0003861691  -0.0001339358   0.0046516666   0.0080611935
       -0.0016369917  -0.1114049803  -0.1221999913   0.0094201790  -0.0096068980
       -0.0226082857   0.0000201836  -0.0052088702  -0.0023969894   0.0018504813
       -0.0000305338   0.0042908359   0.0021903093  -0.0000569775  -0.0013306713
        0.0000387280  -0.0000749479  -0.0000930045   0.0000012783  -0.0000409742
       -0.0000538566   0.0000241903   0.0000360326   0.0001923243   0.0000227541
        0.1210313460   0.1361178957  -0.0115808748   0.0004540534  -0.0001516285
       -0.0002450229   0.0001650577   0.0000022955  -0.0000389290  -0.0001971388
       -0.0001295675   0.0000224594  -0.0001211222  -0.0000867192   0.0000451907
       -0.0005750921   0.0003482136   0.0001680326  -0.0141369326  -0.0185258516
        0.0021000640  -0.1209598485  -0.2521987591   0.0102425049   0.0000137569
       -0.0007379403   0.0000994853   0.0010608224  -0.0013514610  -0.0006112866
       -0.0021705482  -0.0070955196  -0.0006248278  -0.0000766418   0.0001224078
       -0.0000123275  -0.0000711869   0.0001703075   0.0001385447  -0.0001231906
        0.0001726009  -0.0000794599   0.0005837653   0.0000915097  -0.0001206983
        0.1361178957   0.2785703930  -0.0113040934   0.0002283478   0.0002867325
        0.0000211071  -0.0000213178   0.0000409359   0.0000081526   0.0000638857
        0.0000646109  -0.0000758548   0.0000662848   0.0000418198   0.0000506571
       -0.0001904362  -0.0000339687  -0.0003108081  -0.0030942213  -0.0025154644
       -0.0052956700   0.0095118212   0.0105061704  -0.0284625921   0.0015052319
        0.0047982786  -0.0022842395   0.0020827305   0.0001105294   0.0040183421
        0.0017442893  -0.0019725023   0.0086487073   0.0001263415   0.0002547409
        0.0005410120  -0.0000550154  -0.0000740095   0.0000335570   0.0000711367
        0.0001272265  -0.0000030794   0.0000450024  -0.0000411192   0.0000640215
       -0.0115808748  -0.0113040934   0.0236380025  -0.0002186671   0.0000948449
       -0.0006354388  -0.0000389416   0.0000027364  -0.0000128829  -0.0001248231
       -0.0000835445   0.0000585262   0.0002164260   0.0001301750   0.0000025423
       -0.0003217580   0.0012065296   0.0002615831  -0.0052497862   0.0012621064
        0.0020996915  -0.0136458851   0.0195406300   0.0036573839  -0.1642612514
        0.1354747734   0.0375025735   0.0024666667  -0.0034494601  -0.0019406029
        0.0001544345  -0.0031181243   0.0016602792   0.0003566357  -0.0003626386
       -0.0001724729  -0.0002022712   0.0000707918   0.0000211859  -0.0001124320
        0.0000378861   0.0000667678   0.0001556867   0.0000320159  -0.0000345237
        0.0004540534   0.0002283478  -0.0002186671   0.1801859912  -0.1507880127
       -0.0429173428   0.0001874130  -0.0001675254  -0.0000313571  -0.0000996016
        0.0000318810   0.0000394092  -0.0000678957   0.0000007994   0.0000060924
       -0.0000431822   0.0004315845   0.0000015011  -0.0022083130  -0.0012864362
        0.0000799508  -0.0030805915   0.0039686671   0.0010578414   0.1342300580
       -0.1902113079  -0.0387386020   0.0187427061  -0.0159406175  -0.0045789620
        0.0033492523  -0.0073332199  -0.0017853626   0.0006004563   0.0004018915
       -0.0000787831  -0.0000900990   0.0000431388   0.0000771669  -0.0001383143
        0.0000591059  -0.0000285847   0.0000510920   0.0000517115  -0.0000057283
       -0.0001516285   0.0002867325   0.0000948449  -0.1507880127   0.2092224766
        0.0437889734  -0.0005592409  -0.0000861838   0.0001067420   0.0000268372
        0.0001976406  -0.0001058704   0.0000589803   0.0001948161   0.0001148727
        0.0001785373  -0.0002615275   0.0004923152   0.0018677608  -0.0006299221
        0.0040140272   0.0021376442  -0.0036568401  -0.0029767548   0.0374512529
       -0.0389861516  -0.0375563880  -0.0004692080   0.0000369244  -0.0056742665
        0.0020867347  -0.0004499948   0.0086789572  -0.0001092661   0.0001176423
       -0.0003144291  -0.0001513818   0.0000529436   0.0000854810   0.0002205938
       -0.0000755295  -0.0000205624  -0.0000319242  -0.0000006431  -0.0000145434
       -0.0002450229   0.0000211071  -0.0006354388  -0.0429173428   0.0437889734
        0.0338116755  -0.0000632913   0.0000263876   0.0000908958  -0.0000631847
        0.0000920987   0.0000236892   0.0001080981  -0.0000754684  -0.0000046581
       -0.0002791144  -0.0003619026   0.0000459650  -0.0006393858   0.0011517466
        0.0002477189   0.0001976193   0.0002346919  -0.0000414123   0.0011305078
        0.0013426843  -0.0001847890  -0.0243994222   0.0154772700   0.0061062772
       -0.0058977239  -0.0036186387   0.0011441866  -0.1830827724   0.1163172853
        0.0367891541   0.0000725398  -0.0000254900  -0.0000599112   0.0000951025
       -0.0000294848   0.0000243501  -0.0001269203  -0.0000140946   0.0000267436
        0.0001650577  -0.0000213178  -0.0000389416   0.0001874130  -0.0005592409
       -0.0000632913   0.2132101316  -0.1340857828  -0.0437391946  -0.0046170338
        0.0059232460  -0.0001267251   0.0039840011  -0.0017309720  -0.0001301303
       -0.0001889776  -0.0000973781   0.0000290595  -0.0011199093  -0.0003688868
        0.0001966498  -0.0001473510   0.0001429240   0.0000453457  -0.0004860417
        0.0012113203   0.0001937536  -0.0089332051   0.0088769457   0.0024420021
       -0.0032657564  -0.0007165750   0.0005859426   0.1174659274  -0.1395770448
       -0.0308202621  -0.0000049651  -0.0000126028  -0.0000045511  -0.0000048138
       -0.0000137884   0.0000027179  -0.0000221948   0.0000295725   0.0000060513
        0.0000022955   0.0000409359   0.0000027364  -0.0001675254  -0.0000861838
        0.0000263876  -0.1340857828   0.1589249300   0.0354025864   0.0172297140
       -0.0155182414  -0.0022315215   0.0137285862  -0.0128359272  -0.0058768981
        0.0000649715   0.0000622979   0.0000516254   0.0001070778  -0.0002659166
        0.0001565839  -0.0000480206  -0.0000357070  -0.0000645015  -0.0003406689
       -0.0001926384  -0.0001372354   0.0045232126  -0.0026721539  -0.0011380900
        0.0011057431   0.0006744810   0.0006063226   0.0368747191  -0.0305606063
       -0.0530550044  -0.0000276644   0.0000032384   0.0000145866  -0.0000070924
        0.0000068190  -0.0000081717   0.0000256549   0.0000045728  -0.0000005916
       -0.0000389290   0.0000081526  -0.0000128829  -0.0000313571   0.0001067420
        0.0000908958  -0.0437391946   0.0354025864   0.0571482027  -0.0187354468
        0.0167404153   0.0038150929   0.0202669948  -0.0192822832  -0.0074668322
       -0.0000024051   0.0000986675  -0.0001251711  -0.0009880510  -0.0019677826
       -0.0002455216  -0.0015343926   0.0000409239  -0.0008100872  -0.0011917988
       -0.0000746242   0.0015433521  -0.0002846655  -0.0208153375   0.0200240593
        0.0020745082   0.0008672416  -0.0002322934  -0.0450470596   0.0204542988
       -0.0217574547   0.0000130434   0.0000032004   0.0000172669  -0.0001012739
        0.0000232645  -0.0000188815   0.0000615801   0.0000254922  -0.0000231941
       -0.0001971388   0.0000638857  -0.0001248231  -0.0000996016   0.0000268372
       -0.0000631847  -0.0046170338   0.0172297140  -0.0187354468   0.0517752458
       -0.0198344844   0.0265160445   0.0001390431   0.0038587030  -0.0059646644
        0.0000383653   0.0001213039  -0.0000026297  -0.0001505122  -0.0007314753
       -0.0002197806  -0.0009870095   0.0000797835  -0.0009755662  -0.0011382746
        0.0004674117   0.0014456572  -0.0059822536  -0.0174144385   0.0140852291
        0.0012761510   0.0005037595  -0.0000880072   0.0229473090  -0.1353166452
        0.1148272648  -0.0000064643   0.0000050422   0.0000226182  -0.0000714863
        0.0000269235  -0.0000285301   0.0000493348   0.0000007905  -0.0000120516
       -0.0001295675   0.0000646109  -0.0000835445   0.0000318810   0.0001976406
        0.0000920987   0.0059232460  -0.0155182414   0.0167404153  -0.0198344844
        0.1580696788  -0.1341473560  -0.0019662346   0.0094438551  -0.0116558173
       -0.0000705241  -0.0001183909   0.0000470559   0.0004432527   0.0010614658
       -0.0000505838   0.0004199565  -0.0005754152   0.0001847028  -0.0006289707
       -0.0008423701  -0.0006202751   0.0042640997   0.0076567665  -0.0028322925
       -0.0005926636  -0.0008150076   0.0005360292  -0.0241779038   0.1138365617
       -0.1799305420   0.0000203227  -0.0000073399  -0.0000644437   0.0000951298
       -0.0000329873   0.0000549194  -0.0000518890  -0.0000118032   0.0000124138
        0.0000224594  -0.0000758548   0.0000585262   0.0000394092  -0.0001058704
        0.0000236892  -0.0001267251  -0.0022315215   0.0038150929   0.0265160445
       -0.1341473560   0.2066840859  -0.0061719983   0.0164091229  -0.0279183783
        0.0000771390   0.0001261645   0.0001322300  -0.0009762456  -0.0022938934
        0.0003405438  -0.0011027394   0.0001161040   0.0014279081  -0.0014926816
        0.0004689872  -0.0011579203  -0.0104097205  -0.0199721593  -0.0200823173
        0.0021773176   0.0011519402  -0.0003386663  -0.0509824420  -0.0236625564
       -0.0410041805  -0.0001045379   0.0000270598   0.0000945958  -0.0000144915
        0.0000110965  -0.0000377293   0.0000839289   0.0000270034  -0.0000022481
       -0.0001211222   0.0000662848   0.0002164260  -0.0000678957   0.0000589803
        0.0001080981   0.0039840011   0.0137285862   0.0202669948   0.0001390431
       -0.0019662346  -0.0061719983   0.0588104466   0.0321126366   0.0462082633
        0.0000406333   0.0001032568  -0.0000001185  -0.0000165892  -0.0006396451
        0.0001753515  -0.0004984709  -0.0001430476   0.0012583787  -0.0016942191
        0.0004976571  -0.0007276711  -0.0109802095  -0.0150939601  -0.0128395728
        0.0010956380   0.0004457361  -0.0004139663  -0.0220904275  -0.1062670542
       -0.1047176992  -0.0000455522   0.0000189712   0.0000491921  -0.0000090402
        0.0000061887  -0.0000111692   0.0000437895  -0.0000015552  -0.0000072389
       -0.0000867192   0.0000418198   0.0001301750   0.0000007994   0.0001948161
       -0.0000754684  -0.0017309720  -0.0128359272  -0.0192822832   0.0038587030
        0.0094438551   0.0164091229   0.0321126366   0.1242288886   0.1200529675
        0.0000700832   0.0000839799  -0.0000245660  -0.0000829554  -0.0002710088
       -0.0001298180   0.0001043174   0.0005281326  -0.0000067119   0.0007698740
        0.0008879439  -0.0003643657  -0.0027053411  -0.0014995580   0.0049540613
        0.0000152915   0.0004239655   0.0004756548  -0.0382927748  -0.1028684566
       -0.2030192090  -0.0000300331   0.0000148186   0.0000654605  -0.0000426100
        0.0000109889  -0.0000350646   0.0000293966   0.0000034121  -0.0000088385
        0.0000451907   0.0000506571   0.0000025423   0.0000060924   0.0001148727
       -0.0000046581  -0.0001301303  -0.0058768981  -0.0074668322  -0.0059646644
       -0.0116558173  -0.0279183783   0.0462082633   0.1200529675   0.2334807234
