           1           2   1.02776614938626     
           2           3   1.59273714920482     
           3           4   1.27273556579822     
           2           5  0.132555052525946     
           4           5   1.59273716567949     
           2           6   1.10604759575251     
           5           6   1.10604754997387     
           5           7   1.02776614614330     
           1           8  0.971109083307766     
           1           9  0.971108771106948     
           1          10  0.984623912859249     
           3          11  0.975401157092033     
           4          12  0.975401156371704     
           7          13  0.984623909087292     
           7          14  0.971109068699394     
           7          15  0.971108784559352     
