           1           2   1.00894659507694     
           2           3   1.00894659898862     
           3           4   1.00894659367815     
           4           5   1.00894659413508     
           1           6   1.00894659183299     
           5           6   1.00894659730711     
           1           7  0.977695710667264     
           1           8  0.978022720683490     
           2           9  0.978022717832728     
           2          10  0.977695707975711     
           3          11  0.977695707311444     
           3          12  0.978022718819549     
           4          13  0.978022720668737     
           4          14  0.977695709466039     
           5          15  0.977695710513364     
           5          16  0.978022718262770     
           6          17  0.978022718650411     
           6          18  0.977695710870515     
